35 94 63
38 9 24
10 56 28
3 38 55
50 29 83
97 4 17
29 66 18
74 92 35
79 88 23
47 14 51
9 2 27
81 92 74
30 96 15
67 21 60
29 29 25
60 73 82
56 87 83
92 31 92
6 22 45
38 33 85
79 50 77
43 22 12
93 97 97
100 27 22
87 54 90
33 76 15
31 74 17
45 56 63
58 14 95
59 66 32
80 36 11
4 35 78
19 90 98
26 18 39
84 76 9
77 53 22
64 25 27
66 77 78
52 53 71
89 46 84
64 55 51
85 76 32
43 25 99
80 38 46
19 17 45
11 4 8
84 93 27
4 58 85
53 55 30
15 62 97
75 67 32
11 100 73
24 86 30
30 51 45
96 66 62
25 73 100
59 6 39
63 20 61
77 19 11
4 3 40
42 13 99
81 86 53
75 56 40
13 55 29
31 27 22
63 67 66
84 63 9
18 91 36
47 62 34
77 45 44
89 6 87
25 48 52
55 18 75
82 10 1
18 40 21
56 22 52
7 32 24
24 22 57
40 41 52
73 60 82
29 60 13
45 35 80
64 97 39
5 87 34
22 90 74
77 37 33
89 25 44
75 95 80
38 7 35
33 26 59
73 12 69
51 42 66
91 41 75
55 49 67
11 52 11
100 66 70
38 5 41
43 45 90
18 28 45
98 82 30
