100
4
73 57 80 63
30 73 92 66
5
27 76 67 72 81
84 4 29 10 27
4
43 64 62 5
29 3 67 47
9
50 11 73 78 86 95 45 59 24
40 25 40 90 12 28 64 57 96
3
4 61 24
10 70 43
5
58 92 34 100 87
9 21 55 81 83
4
54 33 96 8
11 12 67 89
8
100 99 21 65 3 26 100 30
95 42 31 92 5 80 82 77
5
80 62 18 12 36
4 6 52 90 78
6
27 12 95 41 6 17
48 39 38 3 36 30
5
42 30 52 28 43
39 63 91 87 71
6
28 4 5 85 78 37
6 30 20 93 36 86
5
97 58 19 76 56
60 36 42 5 93
4
4 30 16 85
29 45 25 87
3
53 82 56
84 100 32
4
66 14 63 54
79 15 62 32
4
95 81 87 41
64 59 37 1
6
89 18 15 68 30 83
19 14 56 32 10 79
7
88 18 10 89 71 9 15
83 17 52 98 31 93 88
4
93 16 46 38
54 77 73 64
9
59 31 57 10 76 92 84 52 70
11 41 94 4 86 51 87 32 23
3
40 79 28
87 17 64
10
79 60 24 61 86 89 91 7 69 12
55 80 85 33 42 58 29 23 84 15
8
21 77 92 50 2 99 74 6
79 71 5 91 96 45 36 20
4
33 47 53 27
13 47 43 42
4
42 2 73 94
8 53 12 31
10
69 44 11 47 56 89 80 28 82 22
34 64 75 90 83 35 16 48 68 50
9
50 92 40 40 73 7 4 36 81
31 25 42 52 66 54 42 7 78
3
88 96 75
32 82 12
3
3 50 58
3 44 21
10
97 48 71 100 32 56 27 60 12 21
4 71 8 88 97 38 23 41 20 88
5
70 100 29 15 29
20 41 30 26 47
8
63 70 19 92 87 21 50 1
68 71 90 5 32 51 16 68
3
86 99 31
35 40 26
9
85 53 49 22 61 24 48 30 87
85 51 71 43 16 60 73 2 65
4
42 90 7 77
32 61 30 85
7
8 21 25 93 96 46 18
77 66 9 38 89 43 79
9
40 40 18 56 20 22 30 99 65
57 61 88 94 70 50 53 93 9
3
87 77 58
92 88 71
8
11 16 75 27 17 92 11 70
6 94 58 12 45 40 19 66
3
16 13 9
2 99 38
9
82 60 36 64 62 24 49 58 57
57 63 28 96 91 92 12 19 59
4
31 90 40 41
19 16 2 67
6
18 82 98 84 12 56
40 26 17 74 73 94
3
21 65 45
23 49 69
9
24 69 71 59 49 89 64 83 86
98 69 89 39 69 43 50 1 19
4
7 62 45 32
22 32 29 28
4
12 85 95 44
93 83 33 81
5
87 64 90 7 32
58 78 22 84 13
10
17 38 48 2 40 71 25 74 30 37
10 79 22 26 35 7 65 46 63 87
10
67 73 3 38 8 52 11 24 61 1
56 10 89 55 3 28 13 71 30 24
8
40 11 24 24 81 91 54 55
19 22 15 89 20 6 91 3
10
17 59 20 83 94 2 20 16 83 6
83 39 7 3 53 12 93 98 85 16
4
82 20 80 24
25 11 20 12
4
22 41 89 72
93 83 76 76
5
91 41 11 22 75
32 2 93 46 90
3
38 39 39
75 34 56
5
61 94 74 61 80
16 33 97 66 3
3
61 100 3
3 79 42
9
76 38 21 19 71 24 92 55 42
84 98 64 16 40 28 86 66 49
4
93 36 13 8
80 52 55 93
4
85 6 29 60
98 67 83 93
5
24 91 57 4 23
72 61 61 48 97
7
81 61 44 76 6 50 67
45 30 87 22 89 97 12
3
4 32 25
87 58 48
7
10 2 68 75 73 36 44
91 85 10 7 84 13 37
10
98 16 71 57 77 81 57 87 7 42
36 93 40 62 35 63 75 53 91 24
6
74 86 84 30 84 89
67 76 26 81 4 45
9
41 10 67 14 96 27 47 83 52
4 10 12 17 58 42 74 17 34
8
57 43 19 32 11 47 90 7
35 14 41 9 24 39 84 97
9
16 74 77 88 53 97 76 29 79
53 39 18 63 72 42 92 78 56
7
63 68 73 77 70 59 1
74 87 33 42 82 14 91
6
13 39 77 84 61 58
5 61 27 84 93 60
10
31 89 39 98 6 22 42 58 84 33
89 58 89 94 72 86 38 34 31 71
5
16 97 4 32 54
37 55 96 37 25
6
82 93 92 19 47 24
11 34 33 81 65 35
5
43 60 62 82 55
65 18 92 29 90
5
83 52 96 19 67
5 24 23 66 30
10
62 34 58 96 10 39 27 35 61 81
80 84 75 91 80 64 61 86 21 58
7
21 94 22 89 64 13 66
37 14 47 74 69 53 61
7
68 82 42 34 91 32 38
61 9 2 20 73 4 21
8
7 90 7 68 7 25 32 4
70 9 14 55 42 20 18 71
5
28 98 1 40 92
35 26 94 33 51
5
4 58 46 16 69
28 39 2 9 5
5
75 79 94 53 61
45 15 12 1 15
9
51 100 24 71 75 48 71 93 79
87 28 22 92 11 56 100 57 88
6
26 11 1 18 67 82
97 77 71 96 62 58
5
93 82 81 16 5
95 100 69 76 19
5
28 99 18 22 20
20 65 45 48 65
4
12 26 92 79
16 40 24 42
6
63 24 91 8 97 45
52 51 38 7 9 93
10
98 81 22 1 68 42 98 8 9 54
5 71 96 45 94 98 4 69 82 50
7
70 6 34 59 30 45 31
92 4 100 49 84 52 93
10
19 64 22 52 18 34 28 97 7 81
79 73 84 79 24 95 95 52 63 18
7
75 82 37 12 98 14 75
33 78 72 68 49 34 65
4
56 37 96 38
51 92 92 86
9
43 97 41 66 22 14 1 68 67
3 77 17 60 14 58 86 97 84
6
18 40 55 58 32 79
6 72 36 40 7 94
6
77 16 24 99 47 87
40 72 78 63 76 21
6
4 77 64 80 78 46
89 56 84 81 43 53