100
4 56
-38 83 71 12
-357 876 -676 -24 -354 29 130 953 608 456 60 -957 981 -331 -405 -761 -700 -281 -977 -186 365 71 166 -536 887 941 909 -240 -904 -407 -653 428 550 240 274 226 -204 425 575 -468 624 -894 558 -872 -948 874 -91 -163 -866 -21 363 -614 -956 178 728 535
8 21
-37 71 -65 78 47 77 -6 -74
905 134 -110 -662 -6 -457 -902 -338 -140 -585 19 486 -105 344 -437 -970 777 902 -523 -788 991
5 77
79 -50 99 79 3
457 806 -188 29 853 -443 -130 105 600 -553 715 -786 315 659 737 -413 866 429 630 -549 681 149 250 693 3 -837 -86 -715 -197 207 -82 110 -25 -365 -637 -564 778 837 287 520 536 -798 579 309 -888 667 -998 398 97 628 -957 -400 436 253 984 174 -790 784 -808 -394 -291 -515 -963 346 -60 908 795 898 970 670 -685 986 845 666 -829 -456 992
10 27
3 29 90 -48 -97 3 68 -43 19 41
10 411 -346 913 -55 965 947 870 809 -556 -782 -783 965 -236 -350 474 -191 209 32 416 626 542 -202 -755 -806 -860 640
8 61
64 -20 -97 87 26 93 -75 -100
-882 -496 84 656 182 -734 -809 874 713 596 758 -106 -605 252 69 -918 -849 -340 814 126 -772 486 -191 -366 -94 891 -889 781 455 -374 211 475 609 736 160 -970 -229 -952 -87 -640 904 47 882 148 -206 -635 -344 -355 -476 -582 -819 -323 85 -296 711 236 981 -270 -782 -319 -153
3 16
-38 -34 -91
931 -488 586 289 132 -235 -77 10 40 -323 328 105 -261 -238 797 -860
9 68
96 -27 17 -72 48 -44 11 -98 53
-98 445 -901 -526 -51 634 995 756 706 894 650 -456 -963 875 79 -831 906 24 992 291 -547 -853 666 183 888 -77 -990 885 -381 -609 -853 -64 -104 -859 -878 -189 268 -871 -205 703 -554 -883 -695 811 -987 -500 408 138 96 -309 953 -232 -258 113 -137 83 187 283 666 307 -48 -585 -39 407 531 -831 -10 -470
7 13
-90 25 -48 -5 94 90 59
897 264 189 -806 724 -452 -727 381 -432 538 283 459 -300
8 94
92 -83 -73 10 -89 75 -61 56
-618 -812 14 51 -430 -644 -427 -916 1 -867 734 -754 -81 -668 -808 227 530 218 826 116 993 -210 125 282 408 -873 949 -618 -885 -684 735 -677 738 520 815 609 -197 441 -891 116 78 939 983 507 85 739 -9 166 555 229 -413 -73 -835 -627 -638 404 -705 -537 -904 89 -183 946 243 937 -637 717 448 964 163 126 -892 -761 990 -129 -675 -856 9 -785 -389 -95 551 -104 747 742 -733 -389 -182 -185 425 -514 150 159 143 -698
4 78
39 36 -99 100
615 -237 684 -582 603 570 -41 779 -167 -979 -168 -718 459 -479 77 -593 -603 357 -755 -394 -501 -436 -109 577 330 546 -735 -835 246 643 403 935 58 622 -538 429 -372 424 860 -881 294 -513 343 935 404 49 -990 -777 -389 -398 978 -935 758 576 753 970 576 325 742 526 -340 119 -443 -114 87 802 271 596 752 395 651 546 -147 860 430 903 -966 -560
4 65
-29 -18 -72 85
-74 -437 -957 902 44 296 -183 -465 -155 -659 885 999 -797 506 785 897 -456 177 -557 749 935 -267 55 271 -132 -878 127 236 -830 -587 -592 619 218 -890 406 796 -341 -241 -424 534 817 -136 -980 -416 -38 -990 826 396 -501 -769 745 -168 -154 -347 397 751 -302 577 523 22 -56 -531 -119 232 540
5 52
5 -35 13 -69 75
248 574 -299 639 981 -402 -725 320 -269 876 819 940 381 -671 -586 -170 947 -440 961 348 302 496 -169 887 -173 674 -378 -170 381 107 339 887 328 441 912 83 -498 974 -247 790 885 730 629 96 -25 612 -475 -757 -553 -71 -545 -891
6 48
-2 25 56 -84 -5 -25
714 651 -688 -513 67 -693 778 209 -813 894 -995 778 789 -962 110 97 927 -87 590 424 -543 743 361 637 592 -930 -582 461 550 970 -782 717 8 -866 -614 -990 -829 -144 820 554 -563 337 -195 450 218 83 57 -209
5 50
9 -14 68 -9 -40
-39 -724 -23 112 92 -863 644 -812 -918 104 -471 -502 -569 -314 -67 -60 472 10 14 -909 298 377 -725 -583 771 -265 359 -569 -261 -170 25 881 -876 672 -308 -792 566 1 613 298 -105 -459 322 303 -369 516 649 -595 201 -399
6 57
-79 -96 -16 -94 -69 -72
-334 356 693 93 -10 581 788 -847 864 -600 -677 -29 777 804 -41 292 -971 -133 -498 382 335 -984 276 643 631 -36 -465 -727 985 526 -339 681 920 -191 315 3 -423 -599 6 135 -513 724 -925 182 586 -522 -928 282 643 -621 328 -467 -430 -295 -553 642 783
5 90
-93 27 -29 34 8
865 706 841 -6 -541 866 876 651 823 935 791 -958 352 -539 -286 -982 716 -855 127 -965 479 67 541 628 306 377 -763 -532 -907 423 733 -822 25 273 504 -68 564 907 310 512 -708 -969 827 228 784 499 -192 915 -878 -969 -943 91 933 -679 210 -805 -16 906 -125 678 -519 990 18 -464 -322 493 -765 -616 -909 -309 309 -842 419 -793 110 -302 -419 -705 587 360 -852 -821 -555 -560 404 -195 -407 966 948 208
4 90
93 85 -62 -40
-88 399 233 -6 312 713 -619 684 867 578 -78 -87 443 -993 943 -295 -443 -942 721 -573 665 675 -504 -125 -610 694 883 76 -596 -406 872 539 -713 71 522 77 -771 -666 704 636 -820 10 582 -571 303 -273 854 -191 -277 -289 -228 -783 897 -734 561 -852 -599 -652 -261 -872 -545 -606 -811 -77 427 159 -107 894 -185 -422 620 980 399 -497 165 86 691 -462 858 694 -513 471 820 -572 -801 -210 778 -706 154 -958
4 76
11 36 -15 100
66 -809 -901 -434 218 -711 -309 182 -613 -895 664 -38 -734 -983 -834 665 530 -612 -346 -250 221 554 849 568 716 26 -799 -787 944 -704 -759 975 -108 605 -972 -723 148 -413 496 410 -702 -211 260 413 -338 94 -868 -347 576 -446 475 -160 -788 966 -784 828 -999 -960 -169 -736 209 -194 14 -704 -789 -118 302 576 709 -905 -338 401 125 410 750 -370
5 84
30 59 -88 45 80
583 -595 -335 109 486 25 728 -625 -567 -588 -72 1 -287 -104 825 -1 220 -109 -63 601 14 -999 804 825 479 -441 586 -530 -973 -621 -632 536 617 -274 -578 -47 -352 967 172 -199 -976 277 -516 606 7 -550 872 837 882 571 487 -849 -732 700 369 648 -449 464 -362 -755 462 531 807 -662 464 23 -811 -912 163 226 -568 748 221 -638 707 -1 10 -951 604 -507 864 786 55 789
10 97
23 -11 11 -76 -18 21 -96 23 3 -15
271 225 25 -657 675 -229 599 299 453 867 -388 666 307 561 116 416 -30 705 -476 166 75 761 -369 282 -247 -496 -317 -725 448 86 -125 714 619 386 247 -646 726 -732 -683 353 331 -832 489 -579 -176 287 923 -334 667 363 411 4 -362 -245 -92 -784 -961 -790 644 -775 981 -902 52 105 -631 -623 -813 -19 51 920 700 306 475 173 741 522 -979 -650 280 -187 -699 -743 505 -553 -232 813 779 93 171 958 -666 -977 -887 260 -513 104 -502
8 85
10 47 -62 -100 43 -88 -64 -48
-230 136 525 -431 787 936 272 730 791 -221 647 294 -63 730 796 976 271 717 511 -80 9 330 848 -412 -245 618 -634 367 -774 -829 72 -847 405 432 689 -623 -146 -535 508 -398 -408 -577 -299 -493 542 341 456 283 475 -857 76 563 919 103 344 263 302 285 -34 -567 281 516 -564 -30 208 -42 699 -445 812 -677 729 -276 53 -387 -927 -948 -678 923 950 249 -479 -536 -794 939 -628
5 81
-80 77 -62 89 93
411 -329 220 26 8 -712 174 -434 -457 -225 561 396 -409 206 -578 -599 158 -796 12 -650 409 72 519 -198 -907 753 521 428 719 -792 -4 785 -719 559 -150 -62 -15 459 253 -341 276 -191 -86 -265 -791 688 254 -300 738 -5 989 192 512 -599 -89 304 221 326 -694 21 -438 6 282 910 30 -727 562 971 181 -679 601 -939 -515 719 290 -208 885 -372 -124 -255 896
7 27
-97 23 -95 -61 45 -91 15
-546 -110 -943 -231 -2 -111 -899 440 668 -532 -329 199 -197 -126 -29 778 895 320 -722 875 -308 -782 65 907 -102 -714 -155
10 80
20 -42 -93 38 -42 -6 -10 94 99 -66
-618 359 -653 245 -646 101 900 721 404 -123 536 -91 711 -285 -835 134 253 260 -368 644 476 875 -954 -299 740 581 807 -943 -776 -769 -153 913 996 372 968 -183 839 127 21 499 726 971 8 -759 168 485 -69 4 -780 -100 392 417 -24 -656 995 422 -30 -311 -216 272 -775 981 938 398 -713 1 -273 122 -543 -62 -629 -985 -36 -219 272 467 -978 136 -499 177
4 67
-35 -7 -13 92
-56 -961 -102 900 -722 226 -874 -883 -3 -884 829 173 -495 -321 248 -662 837 295 -722 -976 -302 -936 193 -409 -736 -675 825 947 616 -431 -757 -399 482 243 641 -522 484 4 -687 -982 -845 -926 204 -1 -391 169 375 287 539 731 -70 401 878 -240 -54 -844 -416 -650 601 243 -847 616 853 515 -981 868 247
4 85
34 74 57 60
497 511 -656 -43 -758 413 81 2 -902 288 -866 628 -269 199 289 981 470 -472 -720 203 606 9 532 5 -855 -692 -175 -191 230 -993 125 506 275 131 -993 307 -520 617 557 177 -347 823 204 714 -660 329 -980 -522 137 591 -918 -286 -984 267 84 440 13 843 -386 -491 -824 -17 20 -44 647 -70 -331 -280 -401 692 -179 -591 106 -566 305 -872 -640 690 -179 376 509 951 495 859 -350
8 41
-44 -26 -54 -57 -29 14 -92 4
-131 -243 -444 -866 653 -538 569 669 2 -970 6 -62 -630 990 -147 -409 -330 167 -549 377 -239 567 166 930 581 -190 513 375 -793 820 -281 486 -910 -39 -698 438 604 -99 -511 420 -711
6 16
20 81 3 -58 75 70
933 -626 537 231 250 -933 854 473 897 796 -472 -171 373 -748 502 -394
7 28
-20 77 58 -55 40 7 0
921 -15 -513 816 -248 -670 662 -251 -827 817 -734 717 -906 -468 -9 -129 -178 -573 -567 332 -306 -350 -332 -855 704 -166 855 -86
6 32
12 -92 54 -8 -63 -56
2 -1000 324 -993 767 -42 278 -10 839 193 705 -786 513 503 912 967 103 -738 -356 -482 459 -613 827 -538 940 139 -125 -556 26 826 545 -276
9 33
63 -51 56 -4 70 83 43 72 70
-682 -632 -886 -860 -627 620 -692 -308 77 464 503 315 161 -186 410 895 772 -70 -516 181 -873 722 464 643 -974 990 235 375 936 137 427 526 -367
8 52
28 48 -16 -7 -31 -6 -47 -21
128 648 245 498 -33 -961 379 -782 -771 -584 -564 -9 -655 379 -377 850 -127 188 -937 690 346 784 -928 -715 -275 541 745 -85 -715 -476 203 398 463 903 -487 50 -963 -13 210 -609 -928 -111 755 289 134 825 -805 -464 -488 -43 -737 -940
10 54
90 -18 -71 -89 63 18 99 80 65 17
-510 -147 -168 -788 935 -573 -67 337 360 856 -26 63 472 -527 613 862 633 533 982 -962 383 103 769 553 983 655 -70 64 -442 176 -601 232 -462 -657 -436 765 675 361 963 499 -478 -600 -19 -583 640 -33 -893 617 -37 784 933 685 401 -862
6 77
29 -2 -23 -1 -73 -82
-560 971 882 73 482 -782 276 -353 747 125 574 -555 40 284 -920 846 -344 973 -494 -644 683 -378 -977 -264 -299 -758 555 475 -390 233 700 -666 697 -970 755 423 -364 -524 -48 371 -913 -81 653 -522 -850 -614 -303 -556 -295 708 537 845 -284 -714 -270 359 675 -453 -292 -514 485 -712 692 -193 -333 440 2 650 355 519 -376 -730 620 856 -131 472 -136
8 13
41 -26 -82 -50 -35 -10 9 -90
-69 -954 180 -260 -242 706 -573 -49 -789 945 38 359 984
3 20
98 81 0
-538 856 -870 -195 -530 -418 794 -294 637 872 -17 515 -914 -168 -355 424 -792 833 -57 -444
4 37
38 55 -58 -26
-591 -357 493 375 -592 -605 -412 -604 518 533 -625 541 670 23 -884 -378 95 -528 -92 368 -516 656 -81 105 384 876 -739 -253 -232 -984 472 -389 -618 779 740 764 353
10 36
-7 -37 20 -57 69 -35 -49 72 -80 -20
-543 420 -637 433 -212 800 494 433 715 168 473 403 -112 311 169 457 760 478 -584 752 563 -358 61 456 -671 -68 348 155 359 -674 443 320 -122 -732 95 200
3 38
-53 71 43
916 681 34 -48 682 971 854 -506 -433 853 -416 489 511 846 -307 171 -580 998 823 -189 997 -676 709 -631 123 129 -255 557 549 -770 -759 -569 -344 685 200 -893 937 624
7 54
100 77 84 33 68 86 37
-410 -394 -378 129 274 419 -327 -562 -426 -296 287 127 -423 -632 932 -981 -271 -679 -818 767 -971 190 328 -447 -109 304 -924 941 785 98 -600 -899 912 371 527 16 38 -635 -185 263 112 85 -202 967 -895 485 -463 466 -467 190 -609 -478 -533 126
7 21
-76 -42 69 65 -84 7 -16
876 467 -75 623 453 635 -816 -715 -804 61 431 -459 -231 -865 842 -441 401 -1000 -287 -410 -978
9 83
-38 -80 32 -79 1 89 -72 94 70
429 -857 -862 -61 -947 -919 -296 -282 -469 -318 18 639 364 -913 4 -356 948 -322 167 642 -11 778 200 719 -86 -555 228 61 -578 -236 734 333 870 -65 -116 -67 -289 191 454 -830 -861 -33 650 198 760 -901 -729 -707 831 495 -155 993 118 -120 454 -995 -47 882 -522 -580 -508 -339 479 -279 240 -962 -97 -207 0 465 17 817 192 345 -20 878 -297 805 -944 -303 -793 586 -997
8 68
-63 69 41 -73 99 17 7 -60
-743 -786 734 226 -988 -625 -951 -289 518 -777 1000 834 213 655 -746 916 792 484 -1 -378 -300 -143 852 -749 -110 -426 696 -310 -374 -533 -305 254 -101 520 829 441 503 16 -121 -826 391 -964 303 860 613 800 -527 960 -339 825 -921 728 -324 872 -411 -872 271 -369 -127 -301 -557 742 -181 -837 -133 873 273 569
9 86
14 -5 85 -38 1 59 -29 -12 69
-206 418 326 -335 -738 -342 -568 -51 -249 822 -371 -103 -319 507 194 -539 -543 667 -828 -267 -213 -405 645 -368 834 712 360 416 -180 -892 -430 448 477 -406 255 -937 613 -843 -481 998 600 -730 -140 -168 399 657 964 -327 -767 -741 -214 -554 -978 -897 -678 220 310 268 -182 -884 -205 737 923 -148 -146 88 203 774 -340 -683 -157 685 228 871 4 516 339 326 23 736 22 -456 588 833 809 758
10 26
58 12 75 -8 92 52 16 38 -64 12
167 978 -900 776 627 939 726 -472 391 723 -89 365 -425 584 -501 -375 255 -612 470 -279 -194 -496 -104 642 705 -330
8 25
54 -88 67 79 -18 4 -26 64
-374 -216 -233 256 -968 -603 -314 693 -13 -889 223 -848 -89 641 -8 -869 462 -253 -910 -663 -827 -192 -324 44 972
10 36
52 -82 -63 44 8 -99 96 24 -39 31
247 15 429 484 104 -848 220 454 42 320 854 -980 959 -306 38 237 132 -912 -882 173 -296 81 -200 -114 -680 522 227 -523 -633 -620 676 947 65 -392 629 -232
4 19
-15 65 25 97
-430 -801 -412 -836 964 20 587 473 -733 -662 -151 120 620 -880 565 -363 -228 653 -239
10 7
-20 -30 79 -3 -75 -25 -78 -33 -99 55
828 542 870 -819 -280 852 -64
6 49
57 28 -83 8 -28 -52
11 -832 530 -46 -861 528 559 581 834 258 -451 181 513 -392 795 983 88 118 -49 -292 985 474 -166 -821 -678 -531 891 674 80 218 -810 146 196 -358 897 817 877 855 895 -342 -791 190 438 729 -360 122 -19 952 92
6 60
14 13 -21 -33 -83 96
-876 -132 496 -146 324 887 468 -631 668 342 91 -770 -316 -791 -178 902 -985 811 675 -929 659 168 974 -493 770 487 -270 578 228 225 -539 -934 -278 702 36 -167 970 -326 461 -647 -390 -983 591 -332 -345 430 85 -877 -580 761 -653 -816 239 -958 792 798 -813 949 -929 -981
4 56
15 80 43 34
287 -344 818 694 -289 150 -726 -8 -671 585 -660 -115 66 786 -633 -63 184 147 47 -787 621 -309 101 92 139 -977 791 -663 104 191 -742 30 -460 -19 -808 202 -51 -231 -978 -607 981 231 621 510 459 -976 -157 563 -362 303 918 -968 87 -161 -840 -963
4 47
-42 -33 -50 -29
-495 -561 19 -346 -406 -157 344 -127 815 -648 -7 987 632 -991 -607 -585 689 910 -68 -885 869 109 -791 -914 -618 133 -591 -297 571 649 -45 444 -445 -650 420 293 -919 285 487 548 -897 -673 413 -703 -779 -686 -166
10 39
-22 99 -45 -3 75 52 3 -4 -49 -2
-925 -682 -369 -264 555 112 -672 893 -810 -276 772 -767 107 -898 919 -738 -398 490 -154 551 557 -82 557 -491 261 100 842 17 489 -865 -239 986 979 703 -685 -375 -138 46 893
5 29
51 -45 23 93 -20
-374 -542 762 -671 327 -776 -423 -178 -21 -461 -185 -158 -651 -810 921 -965 454 251 636 802 45 348 466 783 -40 -252 922 731 -68
4 73
-8 35 -85 -32
731 890 275 225 -873 -992 -914 535 534 158 -973 644 241 400 -914 388 348 888 772 181 726 240 870 719 -124 -582 568 -333 241 359 -988 -905 567 595 81 305 299 348 -49 -861 -512 352 905 -209 -706 320 389 -107 138 -6 303 -961 831 39 -295 -387 -3 -843 589 933 634 -972 -961 -486 -208 236 758 246 862 -304 -755 -69 894
10 26
-43 -36 98 63 27 -88 31 86 74 -43
-327 -834 -203 1000 68 -118 896 667 369 559 502 -286 522 -955 28 -773 559 -619 691 -693 428 -969 -391 303 244 -824
6 45
90 8 59 -12 -29 -54
-315 709 -762 820 81 -594 111 393 51 357 -279 -651 309 483 947 -696 -407 -682 -22 673 299 -354 -828 760 -141 -841 461 286 -242 911 747 872 975 236 386 -182 740 -169 -777 818 -378 -926 -260 -120 -684
5 97
20 3 -65 -70 6
-36 707 36 -211 879 856 611 -819 -573 963 -445 -263 236 -356 -325 -347 -373 289 1000 710 -179 -40 -300 269 294 -497 -884 37 -713 -428 169 -720 -539 -768 -267 -771 -259 -562 750 -356 -469 -226 -803 695 392 -680 471 920 -104 914 -200 291 878 627 450 -897 -675 193 226 935 179 -960 -932 173 398 -335 -260 73 446 -839 -261 384 -771 963 -704 -532 820 331 -616 -659 897 -543 850 286 -744 12 386 -619 -489 -454 -818 22 540 775 -927 -489 -489
8 25
-85 -80 -84 51 -12 -92 88 1
-82 494 -625 -813 946 517 -865 913 326 266 928 255 -617 343 -113 129 931 544 -147 51 28 736 -655 253 -244
9 70
-98 -3 -82 -63 37 75 -10 81 -75
-97 33 358 810 -623 644 668 705 357 -27 940 -189 73 -434 -568 149 218 -734 899 -483 -563 -711 -672 -392 299 -724 109 812 452 -377 -825 -938 -371 -741 505 -244 466 720 616 -383 -913 -113 424 -636 434 -719 243 976 -3 750 -280 899 637 -750 794 416 253 361 -949 99 -946 -763 886 -197 591 -182 -267 -383 455 -684
3 59
98 2 -55
586 639 316 277 -223 -988 332 736 -885 232 738 -588 -902 832 879 694 506 61 972 -36 336 181 -916 -596 -327 -6 796 -511 869 24 659 520 524 -330 656 339 968 -358 -3 819 -467 -382 612 30 786 29 920 779 678 769 -528 -145 354 -271 -177 85 190 -284 702
6 64
-60 77 68 -74 30 -92
-730 656 -157 -55 533 694 -812 82 -259 106 323 709 270 -134 -870 -919 -596 -732 -311 753 -666 22 -276 -700 -865 -438 -458 883 -420 12 600 -138 385 829 -845 754 -31 -828 586 93 -176 -910 -200 511 -962 947 -812 -713 -856 501 852 -924 -405 -87 478 774 407 471 -805 333 453 885 -912 -611
6 95
-77 -25 60 48 86 35
249 -649 -994 558 -531 -369 925 -88 848 503 909 821 -995 880 -554 254 259 751 -93 980 413 507 282 -996 112 -147 -17 -902 -404 337 545 -694 241 -886 519 360 -247 -419 384 133 181 -439 -265 -36 1000 179 -357 -584 221 -817 246 773 175 270 -804 28 -804 711 -104 -446 -424 -155 127 -680 116 -770 218 747 911 849 -701 -902 -583 956 546 -865 -947 -976 339 535 460 677 903 -913 881 -626 543 -743 994 455 -897 -663 -14 -861 -921
5 5
57 38 21 -55 78
-423 -668 307 864 797
10 57
-27 41 -85 44 9 -36 55 30 -91 82
-22 872 -311 -766 313 -337 -959 -606 275 -684 -840 -264 590 924 355 585 682 -437 -90 -991 484 760 -350 393 725 737 -111 -120 935 22 436 211 -37 -366 403 -232 -818 -976 -987 0 288 528 -469 719 -641 629 -801 -799 -956 -109 -605 902 -622 728 -644 889 323
9 5
83 17 22 -14 -53 -98 85 -66 68
331 -530 -775 -824 -94
10 90
86 16 32 -38 43 -87 -76 92 25 88
716 -529 959 -256 -349 190 611 282 570 472 301 -532 689 -958 -332 747 -389 -409 -811 219 -727 -839 -766 683 123 -622 675 -336 51 -250 -496 -987 732 -331 919 26 -359 252 -311 -648 -880 945 146 437 720 911 -786 -553 -880 958 705 596 -178 854 900 781 353 -999 -276 471 992 -885 660 -634 593 870 -788 -842 510 35 343 -33 -41 -173 640 421 -5 -246 -900 -701 -224 923 336 390 54 -488 -901 104 -369 -16
10 37
36 -36 -76 18 -1 76 -22 -68 -67 95
-944 412 -539 -207 -701 -897 -381 435 -193 -216 187 -726 804 -528 162 54 143 138 374 369 336 372 412 167 -74 784 33 192 321 -202 -67 -839 980 762 -316 60 -52
8 55
-73 85 -60 -6 -69 -68 -51 -83
-808 286 205 56 116 -181 952 -873 -465 611 -553 -814 -43 889 -328 760 828 -727 -91 -313 28 -10 710 118 -300 316 -657 720 -674 549 -445 -36 679 809 284 65 -3 -787 -117 -387 876 -418 -994 -124 793 -657 -684 396 383 659 -733 -594 792 738 259
7 24
-35 -32 96 -50 -33 32 -32
-733 -269 -306 23 -230 431 -747 -193 -279 -290 247 -386 -587 -311 -67 -378 -253 -430 -815 -711 847 463 297 979
3 5
-100 54 18
-208 -817 -196 714 -147
8 39
17 99 31 15 34 -65 -80 -25
-3 518 925 -245 348 -257 -254 -979 378 -819 868 -874 -849 39 -867 410 -752 884 651 -875 -645 575 -716 906 283 43 526 -609 658 671 -284 317 -776 -197 763 -637 42 576 479
5 93
2 -55 74 -45 18
994 -147 951 606 -512 -628 -193 191 113 -426 675 263 -999 318 -206 281 141 993 869 685 44 -532 -344 -196 -291 -168 22 710 -443 -521 329 544 -492 382 910 -882 752 -797 -74 483 549 -426 -768 -283 670 308 441 -9 172 263 648 721 -754 546 -634 658 -862 797 -297 211 -631 351 -690 629 832 -557 -791 -170 382 426 566 -895 -146 -388 -259 531 -282 545 844 915 -937 -374 992 542 103 -222 -633 -9 -926 -566 37 51 -137
9 30
44 79 0 76 -40 -42 -7 71 85
598 833 834 484 -865 345 7 95 127 270 -519 -630 -692 -223 588 -547 -493 407 399 -92 358 -349 736 -184 -229 -443 670 -989 -172 190
7 67
-19 16 -29 -43 100 20 -80
-488 -109 -287 -31 10 977 -918 317 -978 722 -929 581 -818 -585 -643 122 758 -806 960 319 471 -814 427 -1 445 374 695 230 -545 -311 -112 -936 786 79 -556 510 662 269 135 -83 94 -182 -531 919 -520 971 -926 -294 277 871 -135 -696 623 -839 -839 -230 756 -472 849 -752 532 -848 -603 239 -290 -134 855
7 28
18 -98 58 95 94 42 -72
325 -110 972 84 853 -767 -109 275 248 392 -413 -947 777 -554 935 -304 119 -463 -68 -959 -268 -258 622 754 -429 923 -746 323
10 22
91 92 23 -41 24 21 45 -67 81 73
507 583 622 817 4 -816 -369 823 -530 904 714 427 423 532 644 458 150 -941 -230 236 933 -680
7 31
-56 26 -86 -90 -51 -46 -93
259 -776 -160 956 -142 84 957 -217 -316 131 -941 963 -808 -737 703 -901 504 -881 -694 -183 146 313 -302 79 -65 -695 23 -824 -285 432 -309
5 93
26 -80 -94 -53 -40
-107 -843 613 53 -51 -226 -138 709 -889 -791 -271 453 -51 869 -209 -264 642 -940 -655 -267 -731 -149 716 -677 674 694 -261 -935 270 55 -199 -686 604 -166 -493 -482 143 761 466 -930 845 -519 -611 620 -508 26 -935 537 199 232 -247 84 -909 -625 588 427 624 -389 32 3 18 -638 -429 -941 -911 511 349 -677 237 -881 60 -135 -369 569 -786 677 174 -813 -502 454 -154 215 817 -693 757 -14 290 -606 338 -982 -817 610 -89
3 26
32 75 36
-21 -870 -970 -86 -950 198 516 -572 -639 707 -487 510 -28 351 -644 690 -42 -990 -74 -974 -890 -699 -735 -923 283 -412
8 15
53 89 -19 53 -50 -64 86 -22
325 818 468 -730 323 -234 -231 -310 426 705 394 929 719 21 -97
8 53
81 -29 -65 73 -37 -51 5 -33
-862 -621 171 289 406 841 -808 -542 -282 -200 -185 -906 -640 882 -773 -494 525 203 371 -536 347 527 750 136 -434 -113 -822 -931 741 -339 -628 652 -605 373 -239 -234 172 -939 896 583 5 -53 -946 163 289 -547 7 412 -117 606 -546 499 -270
7 56
-27 -60 62 -95 45 -53 -25
-123 -598 431 521 579 407 -569 174 -467 539 933 915 318 -621 915 -126 332 -55 -561 590 -443 196 -663 -959 -513 318 -635 674 -946 -769 733 978 763 164 -658 95 -351 127 986 -119 511 -388 -391 872 -836 182 -961 -369 -928 261 440 349 97 -18 590 49
3 61
-32 47 65
-114 850 741 -417 -529 -535 491 966 697 545 -752 -157 -74 -399 454 999 -779 -286 347 -979 -667 -682 358 -586 862 -971 880 406 65 194 -952 972 -736 -628 -257 -153 677 917 359 759 150 246 439 736 394 204 -876 -42 -897 800 -133 141 550 399 355 -75 -554 -113 -425 -423 -141
10 92
1 26 -45 -91 0 -4 14 45 -4 -71
908 -626 -168 -238 -648 101 -82 918 33 -897 761 -319 580 280 -617 96 -375 263 876 -914 140 777 744 753 -603 -233 -533 -735 54 328 418 850 806 772 63 -569 -420 -339 483 781 -444 232 570 96 -195 841 345 -740 -809 -777 681 -878 29 -602 135 -315 1 -667 -24 939 -308 -571 562 898 265 18 -447 -983 764 179 772 456 -486 398 899 602 -151 -686 688 -2 -16 292 617 -139 795 -424 445 645 -801 826 319 122
9 92
-45 -100 -2 -61 -79 -95 28 -29 -28
771 549 93 681 854 -624 -404 -645 249 -998 364 -775 -73 662 904 546 -297 705 104 -277 -240 832 148 -878 -686 30 -7 2 -8 -424 306 177 606 486 939 -383 -324 715 -72 245 -491 -747 -623 874 8 -113 -543 -271 813 -845 -426 777 -687 50 552 399 779 -489 406 229 917 -433 659 -819 443 966 973 882 -311 34 217 -613 -961 -314 -48 -980 -72 151 -404 -754 47 -420 -263 306 -334 380 -31 622 -825 516 166 -50
8 72
-21 41 -77 33 57 67 -62 33
2 494 -493 131 -262 3 -592 265 875 377 -221 -219 -737 -926 -518 4 -583 -990 -850 -217 326 356 691 -7 116 -857 225 -436 -739 -817 822 -797 -351 -797 -859 -479 865 575 -274 -930 -635 360 -454 482 295 -806 891 -328 -138 608 301 370 -920 -900 -91 300 -286 783 -445 153 128 -986 252 72 220 -578 923 69 290 -967 -211 -636
6 64
65 74 57 -26 1 62
-871 -82 -770 -533 -970 496 -574 -437 507 -802 -802 537 936 706 284 558 993 44 570 133 691 -457 434 739 -364 693 -515 798 -944 645 -328 638 831 -299 720 241 687 706 -349 -78 -680 812 -237 449 -459 402 -924 693 -873 670 -103 -226 -239 496 147 338 -348 -487 -567 -183 -298 -696 806 -572
9 81
61 -63 -45 16 21 -39 -47 -78 23
-771 -609 -660 -669 -489 -306 -113 148 -165 237 468 634 274 130 -102 -217 -693 18 900 137 -360 788 -562 361 66 779 689 469 582 -594 -936 -353 -952 -444 992 424 882 -507 983 -616 -326 123 -712 -589 -437 -256 -51 -161 -754 -502 -420 198 -493 354 230 911 -69 831 371 53 -693 -507 836 -820 -44 240 563 -266 -981 935 18 -93 -162 -203 -275 561 563 390 593 -959 47
6 72
13 -27 -61 52 89 76
941 -159 -768 252 -999 551 474 -649 24 824 -452 -493 -468 509 -510 603 176 -360 942 -550 -903 -708 30 -1000 -176 344 -499 542 -775 -631 -886 707 -619 161 812 222 -891 -776 -355 -855 -505 950 263 -596 591 776 673 767 777 584 602 700 567 -274 452 580 -880 -541 -901 936 827 168 -634 993 512 202 386 436 -893 816 -409 958
10 64
-32 -81 -89 89 36 52 25 -16 -67 58
300 -772 -540 -224 -413 -621 619 -84 -217 -917 -460 -71 186 199 412 -97 322 921 551 348 -113 -256 -908 959 350 -231 487 -528 507 -924 884 -203 -5 619 -711 -387 665 743 62 244 -561 949 469 32 387 645 -413 772 -855 417 -684 -968 -643 41 233 -607 801 757 -480 -809 -136 251 -228 693
10 57
8 33 -20 38 -97 27 88 58 74 -11
-915 276 672 -440 162 888 300 -889 -601 -603 487 244 288 -696 258 990 -122 636 505 -558 980 975 -154 234 -624 419 568 -107 -661 287 623 -413 -706 -154 -944 -209 918 -527 959 42 -524 -179 -499 910 833 -43 616 567 -607 -846 -409 -186 -621 398 -377 764 -599
4 81
21 81 -74 22
7 -185 -881 528 -48 -169 -807 401 301 46 373 174 -239 980 266 95 -950 -54 -733 898 -614 84 809 380 458 374 468 745 945 348 -256 -313 970 -909 -907 -536 670 -360 166 715 -784 509 590 710 789 -302 287 -493 -248 -339 -282 867 -544 -575 -185 -719 -597 235 943 947 -305 -796 -25 801 -161 566 -863 889 793 844 332 -111 -963 -25 726 711 -779 343 -620 704 -879
9 14
-8 -5 -49 -73 -43 74 30 65 -12
183 -57 -163 -443 643 -471 -79 790 277 186 551 670 -369 287
10 76
81 -35 66 -73 -70 41 -28 99 36 -26
209 -994 728 807 -715 558 -592 903 775 -155 -115 559 744 862 301 631 866 -899 26 -512 -274 721 -101 668 -75 635 304 327 -961 -999 596 583 -649 932 -1 982 -570 -735 -661 57 -671 -258 -121 468 -181 651 943 -909 493 357 -340 -335 -541 793 764 -152 162 193 128 -592 -942 48 -1000 442 -508 972 -363 13 946 101 26 -503 -939 969 -930 -86
9 43
77 83 -41 28 10 32 -62 -38 69
619 -163 402 556 -266 810 -216 628 853 62 342 391 -895 653 -325 -645 -964 726 -77 -827 -63 -354 146 912 -243 705 -608 -989 -906 706 -738 -915 132 -845 -821 -812 -585 81 567 90 -512 660 511
5 58
19 -72 -50 -87 96
105 686 -36 -716 888 63 -736 128 -148 -1000 -691 876 -83 41 928 -726 373 -771 163 -270 448 -744 138 751 617 740 657 -700 -340 -213 27 -19 -195 287 -281 387 -489 -915 -593 933 92 -55 778 -733 -552 382 -258 726 -297 -771 -270 -948 744 -793 288 -566 -872 776
8 27
64 -40 -53 83 71 41 44 -24
-579 366 32 293 -997 338 -544 971 649 664 679 648 -371 -501 -551 -62 95 -967 -762 506 -324 -49 -77 -450 509 861 20
3 63
96 1 63
89 -794 -455 142 972 -536 143 -253 603 851 -349 -329 839 -669 -714 -534 191 -38 -567 -811 -62 367 -500 -973 -24 714 -674 171 535 -728 -955 226 406 -683 127 815 -354 208 879 -854 644 -877 -846 273 413 88 96 -486 123 -94 -919 581 -325 202 546 -160 364 157 56 -321 80 -877 0
