1 0 0 0 0 0
2 0 0 0 0 0
0 1 0 0 0 0
1 1 0 0 0 0
2 1 0 0 0 0
0 2 0 0 0 0
1 2 0 0 0 0
2 2 0 0 0 0
0 0 1 0 0 0
1 0 1 0 0 0
2 0 1 0 0 0
0 1 1 0 0 0
1 1 1 0 0 0
2 1 1 0 0 0
0 2 1 0 0 0
1 2 1 0 0 0
2 2 1 0 0 0
0 0 2 0 0 0
1 0 2 0 0 0
2 0 2 0 0 0
0 1 2 0 0 0
1 1 2 0 0 0
2 1 2 0 0 0
0 2 2 0 0 0
1 2 2 0 0 0
2 2 2 0 0 0
0 0 0 1 0 0
1 0 0 1 0 0
2 0 0 1 0 0
0 1 0 1 0 0
1 1 0 1 0 0
2 1 0 1 0 0
0 2 0 1 0 0
1 2 0 1 0 0
2 2 0 1 0 0
0 0 1 1 0 0
1 0 1 1 0 0
2 0 1 1 0 0
0 1 1 1 0 0
1 1 1 1 0 0
2 1 1 1 0 0
0 2 1 1 0 0
1 2 1 1 0 0
2 2 1 1 0 0
0 0 2 1 0 0
1 0 2 1 0 0
2 0 2 1 0 0
0 1 2 1 0 0
1 1 2 1 0 0
2 1 2 1 0 0
0 2 2 1 0 0
1 2 2 1 0 0
2 2 2 1 0 0
0 0 0 2 0 0
1 0 0 2 0 0
2 0 0 2 0 0
0 1 0 2 0 0
1 1 0 2 0 0
2 1 0 2 0 0
0 2 0 2 0 0
1 2 0 2 0 0
2 2 0 2 0 0
0 0 1 2 0 0
1 0 1 2 0 0
2 0 1 2 0 0
0 1 1 2 0 0
1 1 1 2 0 0
2 1 1 2 0 0
0 2 1 2 0 0
1 2 1 2 0 0
2 2 1 2 0 0
0 0 2 2 0 0
1 0 2 2 0 0
2 0 2 2 0 0
0 1 2 2 0 0
1 1 2 2 0 0
2 1 2 2 0 0
0 2 2 2 0 0
1 2 2 2 0 0
2 2 2 2 0 0
0 0 0 0 1 0
1 0 0 0 1 0
2 0 0 0 1 0
0 1 0 0 1 0
1 1 0 0 1 0
2 1 0 0 1 0
0 2 0 0 1 0
1 2 0 0 1 0
2 2 0 0 1 0
0 0 1 0 1 0
1 0 1 0 1 0
2 0 1 0 1 0
0 1 1 0 1 0
1 1 1 0 1 0
2 1 1 0 1 0
0 2 1 0 1 0
1 2 1 0 1 0
2 2 1 0 1 0
0 0 2 0 1 0
1 0 2 0 1 0
2 0 2 0 1 0
0 1 2 0 1 0
1 1 2 0 1 0
2 1 2 0 1 0
0 2 2 0 1 0
1 2 2 0 1 0
2 2 2 0 1 0
0 0 0 1 1 0
1 0 0 1 1 0
2 0 0 1 1 0
0 1 0 1 1 0
1 1 0 1 1 0
2 1 0 1 1 0
0 2 0 1 1 0
1 2 0 1 1 0
2 2 0 1 1 0
0 0 1 1 1 0
1 0 1 1 1 0
2 0 1 1 1 0
0 1 1 1 1 0
1 1 1 1 1 0
2 1 1 1 1 0
0 2 1 1 1 0
1 2 1 1 1 0
2 2 1 1 1 0
0 0 2 1 1 0
1 0 2 1 1 0
2 0 2 1 1 0
0 1 2 1 1 0
1 1 2 1 1 0
2 1 2 1 1 0
0 2 2 1 1 0
1 2 2 1 1 0
2 2 2 1 1 0
0 0 0 2 1 0
1 0 0 2 1 0
2 0 0 2 1 0
0 1 0 2 1 0
1 1 0 2 1 0
2 1 0 2 1 0
0 2 0 2 1 0
1 2 0 2 1 0
2 2 0 2 1 0
0 0 1 2 1 0
1 0 1 2 1 0
2 0 1 2 1 0
0 1 1 2 1 0
1 1 1 2 1 0
2 1 1 2 1 0
0 2 1 2 1 0
1 2 1 2 1 0
2 2 1 2 1 0
0 0 2 2 1 0
1 0 2 2 1 0
2 0 2 2 1 0
0 1 2 2 1 0
1 1 2 2 1 0
2 1 2 2 1 0
0 2 2 2 1 0
1 2 2 2 1 0
2 2 2 2 1 0
0 0 0 0 2 0
1 0 0 0 2 0
2 0 0 0 2 0
0 1 0 0 2 0
1 1 0 0 2 0
2 1 0 0 2 0
0 2 0 0 2 0
1 2 0 0 2 0
2 2 0 0 2 0
0 0 1 0 2 0
1 0 1 0 2 0
2 0 1 0 2 0
0 1 1 0 2 0
1 1 1 0 2 0
2 1 1 0 2 0
0 2 1 0 2 0
1 2 1 0 2 0
2 2 1 0 2 0
0 0 2 0 2 0
1 0 2 0 2 0
2 0 2 0 2 0
0 1 2 0 2 0
1 1 2 0 2 0
2 1 2 0 2 0
0 2 2 0 2 0
1 2 2 0 2 0
2 2 2 0 2 0
0 0 0 1 2 0
1 0 0 1 2 0
2 0 0 1 2 0
0 1 0 1 2 0
1 1 0 1 2 0
2 1 0 1 2 0
0 2 0 1 2 0
1 2 0 1 2 0
2 2 0 1 2 0
0 0 1 1 2 0
1 0 1 1 2 0
2 0 1 1 2 0
0 1 1 1 2 0
1 1 1 1 2 0
2 1 1 1 2 0
0 2 1 1 2 0
1 2 1 1 2 0
2 2 1 1 2 0
0 0 2 1 2 0
1 0 2 1 2 0
2 0 2 1 2 0
0 1 2 1 2 0
1 1 2 1 2 0
2 1 2 1 2 0
0 2 2 1 2 0
1 2 2 1 2 0
2 2 2 1 2 0
0 0 0 2 2 0
1 0 0 2 2 0
2 0 0 2 2 0
0 1 0 2 2 0
1 1 0 2 2 0
2 1 0 2 2 0
0 2 0 2 2 0
1 2 0 2 2 0
2 2 0 2 2 0
0 0 1 2 2 0
1 0 1 2 2 0
2 0 1 2 2 0
0 1 1 2 2 0
1 1 1 2 2 0
2 1 1 2 2 0
0 2 1 2 2 0
1 2 1 2 2 0
2 2 1 2 2 0
0 0 2 2 2 0
1 0 2 2 2 0
2 0 2 2 2 0
0 1 2 2 2 0
1 1 2 2 2 0
2 1 2 2 2 0
0 2 2 2 2 0
1 2 2 2 2 0
2 2 2 2 2 0
0 0 0 0 0 1
1 0 0 0 0 1
2 0 0 0 0 1
0 1 0 0 0 1
1 1 0 0 0 1
2 1 0 0 0 1
0 2 0 0 0 1
1 2 0 0 0 1
2 2 0 0 0 1
0 0 1 0 0 1
1 0 1 0 0 1
2 0 1 0 0 1
0 1 1 0 0 1
1 1 1 0 0 1
2 1 1 0 0 1
0 2 1 0 0 1
1 2 1 0 0 1
2 2 1 0 0 1
0 0 2 0 0 1
1 0 2 0 0 1
2 0 2 0 0 1
0 1 2 0 0 1
1 1 2 0 0 1
2 1 2 0 0 1
0 2 2 0 0 1
1 2 2 0 0 1
2 2 2 0 0 1
0 0 0 1 0 1
1 0 0 1 0 1
2 0 0 1 0 1
0 1 0 1 0 1
1 1 0 1 0 1
2 1 0 1 0 1
0 2 0 1 0 1
1 2 0 1 0 1
2 2 0 1 0 1
0 0 1 1 0 1
1 0 1 1 0 1
2 0 1 1 0 1
0 1 1 1 0 1
1 1 1 1 0 1
2 1 1 1 0 1
0 2 1 1 0 1
1 2 1 1 0 1
2 2 1 1 0 1
0 0 2 1 0 1
1 0 2 1 0 1
2 0 2 1 0 1
0 1 2 1 0 1
1 1 2 1 0 1
2 1 2 1 0 1
0 2 2 1 0 1
1 2 2 1 0 1
2 2 2 1 0 1
0 0 0 2 0 1
1 0 0 2 0 1
2 0 0 2 0 1
0 1 0 2 0 1
1 1 0 2 0 1
2 1 0 2 0 1
0 2 0 2 0 1
1 2 0 2 0 1
2 2 0 2 0 1
0 0 1 2 0 1
1 0 1 2 0 1
2 0 1 2 0 1
0 1 1 2 0 1
1 1 1 2 0 1
2 1 1 2 0 1
0 2 1 2 0 1
1 2 1 2 0 1
2 2 1 2 0 1
0 0 2 2 0 1
1 0 2 2 0 1
2 0 2 2 0 1
0 1 2 2 0 1
1 1 2 2 0 1
2 1 2 2 0 1
0 2 2 2 0 1
1 2 2 2 0 1
2 2 2 2 0 1
0 0 0 0 1 1
1 0 0 0 1 1
2 0 0 0 1 1
0 1 0 0 1 1
1 1 0 0 1 1
2 1 0 0 1 1
0 2 0 0 1 1
1 2 0 0 1 1
2 2 0 0 1 1
0 0 1 0 1 1
1 0 1 0 1 1
2 0 1 0 1 1
0 1 1 0 1 1
1 1 1 0 1 1
2 1 1 0 1 1
0 2 1 0 1 1
1 2 1 0 1 1
2 2 1 0 1 1
0 0 2 0 1 1
1 0 2 0 1 1
2 0 2 0 1 1
0 1 2 0 1 1
1 1 2 0 1 1
2 1 2 0 1 1
0 2 2 0 1 1
1 2 2 0 1 1
2 2 2 0 1 1
0 0 0 1 1 1
1 0 0 1 1 1
2 0 0 1 1 1
0 1 0 1 1 1
1 1 0 1 1 1
2 1 0 1 1 1
0 2 0 1 1 1
1 2 0 1 1 1
2 2 0 1 1 1
0 0 1 1 1 1
1 0 1 1 1 1
2 0 1 1 1 1
0 1 1 1 1 1
1 1 1 1 1 1
2 1 1 1 1 1
0 2 1 1 1 1
1 2 1 1 1 1
2 2 1 1 1 1
0 0 2 1 1 1
1 0 2 1 1 1
2 0 2 1 1 1
0 1 2 1 1 1
1 1 2 1 1 1
2 1 2 1 1 1
0 2 2 1 1 1
1 2 2 1 1 1
2 2 2 1 1 1
0 0 0 2 1 1
1 0 0 2 1 1
2 0 0 2 1 1
0 1 0 2 1 1
1 1 0 2 1 1
2 1 0 2 1 1
0 2 0 2 1 1
1 2 0 2 1 1
2 2 0 2 1 1
0 0 1 2 1 1
1 0 1 2 1 1
2 0 1 2 1 1
0 1 1 2 1 1
1 1 1 2 1 1
2 1 1 2 1 1
0 2 1 2 1 1
1 2 1 2 1 1
2 2 1 2 1 1
0 0 2 2 1 1
1 0 2 2 1 1
2 0 2 2 1 1
0 1 2 2 1 1
1 1 2 2 1 1
2 1 2 2 1 1
0 2 2 2 1 1
1 2 2 2 1 1
2 2 2 2 1 1
0 0 0 0 2 1
1 0 0 0 2 1
2 0 0 0 2 1
0 1 0 0 2 1
1 1 0 0 2 1
2 1 0 0 2 1
0 2 0 0 2 1
1 2 0 0 2 1
2 2 0 0 2 1
0 0 1 0 2 1
1 0 1 0 2 1
2 0 1 0 2 1
0 1 1 0 2 1
1 1 1 0 2 1
2 1 1 0 2 1
0 2 1 0 2 1
1 2 1 0 2 1
2 2 1 0 2 1
0 0 2 0 2 1
1 0 2 0 2 1
2 0 2 0 2 1
0 1 2 0 2 1
1 1 2 0 2 1
2 1 2 0 2 1
0 2 2 0 2 1
1 2 2 0 2 1
2 2 2 0 2 1
0 0 0 1 2 1
1 0 0 1 2 1
2 0 0 1 2 1
0 1 0 1 2 1
1 1 0 1 2 1
2 1 0 1 2 1
0 2 0 1 2 1
1 2 0 1 2 1
2 2 0 1 2 1
0 0 1 1 2 1
1 0 1 1 2 1
2 0 1 1 2 1
0 1 1 1 2 1
1 1 1 1 2 1
2 1 1 1 2 1
0 2 1 1 2 1
1 2 1 1 2 1
2 2 1 1 2 1
0 0 2 1 2 1
1 0 2 1 2 1
2 0 2 1 2 1
0 1 2 1 2 1
1 1 2 1 2 1
2 1 2 1 2 1
0 2 2 1 2 1
1 2 2 1 2 1
2 2 2 1 2 1
0 0 0 2 2 1
1 0 0 2 2 1
2 0 0 2 2 1
0 1 0 2 2 1
1 1 0 2 2 1
2 1 0 2 2 1
0 2 0 2 2 1
1 2 0 2 2 1
2 2 0 2 2 1
0 0 1 2 2 1
1 0 1 2 2 1
2 0 1 2 2 1
0 1 1 2 2 1
1 1 1 2 2 1
2 1 1 2 2 1
0 2 1 2 2 1
1 2 1 2 2 1
2 2 1 2 2 1
0 0 2 2 2 1
1 0 2 2 2 1
2 0 2 2 2 1
0 1 2 2 2 1
1 1 2 2 2 1
2 1 2 2 2 1
0 2 2 2 2 1
1 2 2 2 2 1
2 2 2 2 2 1
0 0 0 0 0 2
1 0 0 0 0 2
2 0 0 0 0 2
0 1 0 0 0 2
1 1 0 0 0 2
2 1 0 0 0 2
0 2 0 0 0 2
1 2 0 0 0 2
2 2 0 0 0 2
0 0 1 0 0 2
1 0 1 0 0 2
2 0 1 0 0 2
0 1 1 0 0 2
1 1 1 0 0 2
2 1 1 0 0 2
0 2 1 0 0 2
1 2 1 0 0 2
2 2 1 0 0 2
0 0 2 0 0 2
1 0 2 0 0 2
2 0 2 0 0 2
0 1 2 0 0 2
1 1 2 0 0 2
2 1 2 0 0 2
0 2 2 0 0 2
1 2 2 0 0 2
2 2 2 0 0 2
0 0 0 1 0 2
1 0 0 1 0 2
2 0 0 1 0 2
0 1 0 1 0 2
1 1 0 1 0 2
2 1 0 1 0 2
0 2 0 1 0 2
1 2 0 1 0 2
2 2 0 1 0 2
0 0 1 1 0 2
1 0 1 1 0 2
2 0 1 1 0 2
0 1 1 1 0 2
1 1 1 1 0 2
2 1 1 1 0 2
0 2 1 1 0 2
1 2 1 1 0 2
2 2 1 1 0 2
0 0 2 1 0 2
1 0 2 1 0 2
2 0 2 1 0 2
0 1 2 1 0 2
1 1 2 1 0 2
2 1 2 1 0 2
0 2 2 1 0 2
1 2 2 1 0 2
2 2 2 1 0 2
0 0 0 2 0 2
1 0 0 2 0 2
2 0 0 2 0 2
0 1 0 2 0 2
1 1 0 2 0 2
2 1 0 2 0 2
0 2 0 2 0 2
1 2 0 2 0 2
2 2 0 2 0 2
0 0 1 2 0 2
1 0 1 2 0 2
2 0 1 2 0 2
0 1 1 2 0 2
1 1 1 2 0 2
2 1 1 2 0 2
0 2 1 2 0 2
1 2 1 2 0 2
2 2 1 2 0 2
0 0 2 2 0 2
1 0 2 2 0 2
2 0 2 2 0 2
0 1 2 2 0 2
1 1 2 2 0 2
2 1 2 2 0 2
0 2 2 2 0 2
1 2 2 2 0 2
2 2 2 2 0 2
0 0 0 0 1 2
1 0 0 0 1 2
2 0 0 0 1 2
0 1 0 0 1 2
1 1 0 0 1 2
2 1 0 0 1 2
0 2 0 0 1 2
1 2 0 0 1 2
2 2 0 0 1 2
0 0 1 0 1 2
1 0 1 0 1 2
2 0 1 0 1 2
0 1 1 0 1 2
1 1 1 0 1 2
2 1 1 0 1 2
0 2 1 0 1 2
1 2 1 0 1 2
2 2 1 0 1 2
0 0 2 0 1 2
1 0 2 0 1 2
2 0 2 0 1 2
0 1 2 0 1 2
1 1 2 0 1 2
2 1 2 0 1 2
0 2 2 0 1 2
1 2 2 0 1 2
2 2 2 0 1 2
0 0 0 1 1 2
1 0 0 1 1 2
2 0 0 1 1 2
0 1 0 1 1 2
1 1 0 1 1 2
2 1 0 1 1 2
0 2 0 1 1 2
1 2 0 1 1 2
2 2 0 1 1 2
0 0 1 1 1 2
1 0 1 1 1 2
2 0 1 1 1 2
0 1 1 1 1 2
1 1 1 1 1 2
2 1 1 1 1 2
0 2 1 1 1 2
1 2 1 1 1 2
2 2 1 1 1 2
0 0 2 1 1 2
1 0 2 1 1 2
2 0 2 1 1 2
0 1 2 1 1 2
1 1 2 1 1 2
2 1 2 1 1 2
0 2 2 1 1 2
1 2 2 1 1 2
2 2 2 1 1 2
0 0 0 2 1 2
1 0 0 2 1 2
2 0 0 2 1 2
0 1 0 2 1 2
1 1 0 2 1 2
2 1 0 2 1 2
0 2 0 2 1 2
1 2 0 2 1 2
2 2 0 2 1 2
0 0 1 2 1 2
1 0 1 2 1 2
2 0 1 2 1 2
0 1 1 2 1 2
1 1 1 2 1 2
2 1 1 2 1 2
0 2 1 2 1 2
1 2 1 2 1 2
2 2 1 2 1 2
0 0 2 2 1 2
1 0 2 2 1 2
2 0 2 2 1 2
0 1 2 2 1 2
1 1 2 2 1 2
2 1 2 2 1 2
0 2 2 2 1 2
1 2 2 2 1 2
2 2 2 2 1 2
0 0 0 0 2 2
1 0 0 0 2 2
2 0 0 0 2 2
0 1 0 0 2 2
1 1 0 0 2 2
2 1 0 0 2 2
0 2 0 0 2 2
1 2 0 0 2 2
2 2 0 0 2 2
0 0 1 0 2 2
1 0 1 0 2 2
2 0 1 0 2 2
0 1 1 0 2 2
1 1 1 0 2 2
2 1 1 0 2 2
0 2 1 0 2 2
1 2 1 0 2 2
2 2 1 0 2 2
0 0 2 0 2 2
1 0 2 0 2 2
2 0 2 0 2 2
0 1 2 0 2 2
1 1 2 0 2 2
2 1 2 0 2 2
0 2 2 0 2 2
1 2 2 0 2 2
2 2 2 0 2 2
0 0 0 1 2 2
1 0 0 1 2 2
2 0 0 1 2 2
0 1 0 1 2 2
1 1 0 1 2 2
2 1 0 1 2 2
0 2 0 1 2 2
1 2 0 1 2 2
2 2 0 1 2 2
0 0 1 1 2 2
1 0 1 1 2 2
2 0 1 1 2 2
0 1 1 1 2 2
1 1 1 1 2 2
2 1 1 1 2 2
0 2 1 1 2 2
1 2 1 1 2 2
2 2 1 1 2 2
0 0 2 1 2 2
1 0 2 1 2 2
2 0 2 1 2 2
0 1 2 1 2 2
1 1 2 1 2 2
2 1 2 1 2 2
0 2 2 1 2 2
1 2 2 1 2 2
2 2 2 1 2 2
0 0 0 2 2 2
1 0 0 2 2 2
2 0 0 2 2 2
0 1 0 2 2 2
1 1 0 2 2 2
2 1 0 2 2 2
0 2 0 2 2 2
1 2 0 2 2 2
2 2 0 2 2 2
0 0 1 2 2 2
1 0 1 2 2 2
2 0 1 2 2 2
0 1 1 2 2 2
1 1 1 2 2 2
2 1 1 2 2 2
0 2 1 2 2 2
1 2 1 2 2 2
2 2 1 2 2 2
0 0 2 2 2 2
1 0 2 2 2 2
2 0 2 2 2 2
0 1 2 2 2 2
1 1 2 2 2 2
2 1 2 2 2 2
0 2 2 2 2 2
1 2 2 2 2 2
2 2 2 2 2 2
24658 73386 58268 57271 95928 24380
98757 84991 23034 19086 71444 97516
19057 66935 81523 6197 91991 41690
61495 5289 46531 76655 47460 72470
6456 54225 81832 52991 83751 91386
93947 14131 36944 53288 48161 96846
61523 13428 79299 31229 68258 16884
86275 58646 28151 63260 79289 77731
80881 64271 97577 94567 11681 77192
86103 55122 82600 76187 69370 89660
8947 47280 28462 50749 45254 43001
90514 73405 84493 73509 59458 30751
15378 33374 34312 34715 22288 28500
88021 21176 48610 57946 56216 3704
56854 98088 29546 62896 34886 41289
21031 41449 74715 42590 68367 57578
28974 87732 19171 93158 22187 54830
99174 93738 51269 31510 19374 29703
7964 16467 97388 29884 56523 70497
47277 34389 43520 55437 59017 16969
97427 38788 90144 42761 31254 32279
47101 52594 38554 88454 68307 24110
27588 97179 26624 94442 12801 76189
54504 65985 71849 13979 6118 76014
36859 2300 11815 46686 86333 3825
77890 57730 51241 90211 82190 43367
97798 18842 87813 8922 32858 7628
57877 68030 75611 6384 93367 14362
66869 34136 19530 28969 10407 49374
78533 34926 18241 98555 24839 90636
39609 58277 14295 780 22945 63881
23014 14821 10950 15989 46233 77461
5219 52253 96882 9398 94883 9030
47243 94730 45769 45793 47641 84291
2503 10067 13028 46344 51907 92429
835 12794 27576 14253 79861 12557
97344 67805 80235 4456 91032 18396
19341 49157 1115 71280 29835 81052
50750 88050 47678 99833 28089 23658
34620 52160 96954 25915 33454 107
78536 67298 44818 93579 61141 56682
79359 43728 73389 79667 3257 38731
70987 64319 81974 79089 49758 42913
61148 59627 86508 24434 77362 99747
61392 59367 77106 96253 99379 4665
41548 92164 14213 13660 43642 27743
48152 6433 56481 16220 15501 4045
86088 10468 51843 37794 55532 47471
70062 73979 68719 52493 27684 29518
19049 12436 64818 20139 93374 32582
98450 38342 61090 95282 67357 41871
22274 26061 94511 70110 9027 3242
57943 3492 26047 43614 33853 82278
25270 54593 46326 41158 58757 29634
48682 39525 30628 42908 18227 67091
57916 53754 75553 29906 14715 5123
59021 60742 39178 11735 67372 21080
83403 54401 22744 80107 94406 32238
40921 5553 78707 30903 51043 19207
71969 29928 75437 79463 83826 20535
4755 61585 86112 8810 63282 63460
71923 95297 85139 63886 58232 18395
68159 10567 70403 18961 96113 41439
77839 19813 33956 54422 58761 53868
93902 70872 16510 16250 74410 96107
36335 12496 23130 76755 99383 62935
84717 15941 43035 96244 70453 29910
4762 66759 47887 14042 91985 98862
61671 88847 29686 58652 53585 39587
13454 62039 99059 2950 13978 68587
73412 72457 55946 42315 58670 29177
87112 211 20985 8333 26195 86767
35847 22544 42939 10470 79138 61352
57222 97505 61208 57744 33848 90570
85834 52244 81360 69422 79374 63287
95076 38809 742 47239 22605 33543
71322 20197 12229 77155 64955 57098
86648 58043 31261 93098 294 13645
15403 69632 95018 84447 59338 99164
57926 81061 23500 88988 54397 28001
25832 7756 5456 40824 54376 91833
71204 69994 32202 58530 15302 10084
96327 48098 14344 80869 30810 18912
15598 65736 68459 89452 22173 46293
53610 38123 24363 38843 36991 7311
81666 32114 34659 26748 74552 45460
49905 63581 46648 1574 9976 63015
74299 36730 6722 64127 31163 38211
28921 84633 95111 15549 67540 98696
68335 83549 99421 3608 55818 24161
87645 45638 84372 69731 79631 29405
43062 12644 95061 91997 67219 73935
10132 33360 41970 85769 38131 77628
12752 20557 59970 88291 99652 32860
49139 42991 48513 12003 80634 31087
10787 72253 85264 86948 82848 32087
30177 24476 56032 22610 37829 35794
37353 76173 13978 40940 38241 69791
73351 22368 63668 47644 23079 7380
61898 55995 19309 15986 68859 14753
76059 68119 8822 96284 44646 8685
62310 46574 58990 55248 87324 46136
66166 10029 3053 66558 26351 51106
93425 65911 11280 73108 39005 29331
26937 91153 32502 89195 48090 2760
62853 94890 45658 98127 71397 91214
246 51357 3954 12755 30778 73249
30228 47513 94571 95774 26149 57681
88738 11563 67543 16252 96521 55549
84612 52831 27911 39834 96691 44180
94928 5320 40147 957 11378 92757
3126 11829 44072 12570 81105 99107
121 75609 37252 4545 51753 95287
87262 43645 74632 65770 31425 34934
45087 92907 1156 1444 16337 15626
51944 64967 70809 44779 34291 23714
71416 50565 19662 74875 12559 71589
49733 95542 61367 58380 67844 10325
30252 49251 90329 1004 73940 70405
13860 61919 10460 22777 73063 77821
67517 23448 57657 40067 17457 30815
19882 67162 20612 95734 31586 51237
55337 84890 9762 79753 67916 83191
34459 81144 69216 1406 23592 34963
80122 14564 30211 80511 25927 17071
64972 90953 5744 55204 64333 41185
98206 89088 13534 16945 30276 90784
87668 61610 24437 83798 93425 28667
18442 71240 35728 9005 71688 35178
10143 81460 49258 6014 47279 23717
28777 35038 80167 19481 31615 52727
37715 4709 94475 24020 44162 11575
81078 54690 41118 672 3358 49571
75768 22238 6124 28713 60815 48531
69050 39302 83312 4254 3257 43648
80903 33543 27734 47730 69854 46793
99332 50255 69495 33238 73083 19587
98967 93149 7337 29914 81396 53720
47243 59656 23697 25645 4305 51686
29659 41012 69295 90401 51316 83193
75236 55453 45034 29908 24074 61576
32351 90772 76867 31338 2469 53061
8461 67639 24915 10144 14176 620
8682 79143 3210 69320 68905 14628
44810 90714 43414 5619 1209 60061
96688 83211 85499 79472 55009 29581
12799 37435 2127 48265 27978 11666
17788 96028 53199 33149 56360 50548
8880 1494 12399 62817 56021 7802
32120 47957 81165 73094 36323 71785
13210 62313 56426 30782 47776 43728
80407 64405 75200 42270 16835 14318
20810 782 87387 28630 3707 14627
24695 70906 8086 35344 20146 5695
83179 19403 8764 29192 86420 89883
33035 87363 7821 50668 53914 34814
23760 33712 83007 49065 34212 53329
33352 37946 42101 59999 20207 21971
77746 26014 74765 50581 28937 65820
93151 82415 97013 54977 74868 75970
1620 43341 78081 36125 17229 59799
21806 72254 76003 53758 38296 54046
66589 29918 82883 81444 61233 67640
78794 53369 60411 71397 48378 81066
66212 75009 69211 64998 57384 12059
48903 40481 89712 22691 23390 69291
63510 61526 28126 5255 89140 541
49138 83953 93871 52815 90497 68906
73547 11209 1731 80673 77477 91180
6956 92958 35158 21772 96126 49811
98223 40201 2079 1409 83804 67104
75857 28210 90600 13233 16990 70633
80556 65356 40045 88991 95155 28768
69470 127 20978 46299 38719 70469
18734 87941 28600 72904 27638 15807
76705 8162 13613 16740 81336 93339
59734 13651 70741 12264 19082 60007
98983 11171 28045 68503 69871 96738
91839 89207 80441 97761 11452 61833
92606 68839 48285 81794 59692 66843
76819 89776 48826 71727 24339 63248
59790 52351 24212 30713 60782 69613
64573 19819 98970 50183 94293 46727
94571 28012 83976 13066 3913 87754
69345 5215 98931 76526 82458 4057
22982 10983 35224 14626 29031 28472
90725 10940 1996 76411 45950 9949
3023 98294 85527 36870 28846 19533
48637 42755 33096 55583 58266 7155
13970 36645 88478 90015 15759 3277
50401 54647 53021 39001 74502 41643
78090 91241 17442 23779 322 25420
77452 46835 28655 3679 46231 21423
62390 82218 74766 24083 2822 82153
76551 72350 64223 84410 24501 97239
75021 13943 44855 11674 93847 47469
23963 29770 80572 29100 43797 91214
47682 74211 7494 81976 15937 57795
21893 90961 81093 83889 49847 90669
69415 29879 68784 67067 11714 43041
78482 70421 94308 91244 67143 53580
50128 12081 29048 77901 74816 52028
28613 22471 88956 12681 31753 8241
4365 89477 65634 87432 80085 31373
35165 47713 15451 54555 26616 61842
45507 73533 83741 56580 83311 43940
36274 44020 76502 27205 3247 18937
47806 88324 73497 80454 81899 46508
62327 11638 95651 42969 46448 92505
80844 4878 87043 28327 19422 32490
65141 12678 59875 91961 61468 12473
99575 47556 65145 40121 58289 6103
72751 47681 884 47582 79889 379
65868 41449 81255 14020 88837 8571
69120 38391 95527 16490 20044 29184
71840 64689 62887 60210 11685 58246
26938 22729 61202 829 4791 36219
47301 87263 1763 88092 97110 13433
31386 1185 89695 51076 70914 84448
23619 71847 1076 53180 94588 42030
33329 42000 87849 87031 50030 57985
65761 23134 52366 50952 81350 30523
24765 43244 22901 84393 12718 93390
43677 47599 85646 60772 48891 81612
93276 32666 52995 73210 19104 37088
81111 18763 97514 70414 29553 48175
93013 49485 30834 35072 25125 76530
12836 54764 33713 87165 39870 32812
84588 75806 28757 68893 60257 74114
31355 41359 25110 44707 46732 25123
49247 71381 45491 37360 7941 80397
57274 37701 85954 64606 42653 10098
4853 17111 48893 52771 51075 3954
76703 33916 2870 64920 87226 86166
60393 11769 3934 76246 47354 22103
10923 76717 59289 81136 95020 58416
25808 21688 3606 20247 4011 88836
25400 16866 69627 76053 54808 19834
9922 96430 23905 10771 89452 26118
95744 64400 29119 27329 9673 59952
76402 94254 47124 16600 67143 3761
43364 34315 56998 31091 55484 39626
45816 9225 50821 67794 11574 30336
54480 24198 79127 4649 53173 36249
91448 55293 94108 71194 91261 96369
15919 30257 62408 57155 11309 1592
46971 38744 76521 49452 55493 13977
76210 99359 81605 22371 48337 76991
5000 54782 88308 54900 89437 34759
83059 60044 85650 69869 432 84783
38880 35951 67895 79795 20930 80460
75384 66667 79123 84781 81826 76786
97517 31151 42709 93060 83760 34174
49033 27388 83999 3940 59216 90677
75480 8162 14626 32792 67281 25863
86553 43883 43671 7124 12311 46911
23992 21676 11979 48621 87435 37498
19410 52905 99048 44132 56814 15393
42270 40493 58727 93958 41582 28964
27753 51189 53282 80363 97486 3981
44655 2825 95789 42241 60670 10186
37492 19689 47168 3672 19449 14313
2810 73333 17973 33524 2382 75955
93095 76122 97576 62041 5226 23864
52948 19704 16702 25053 24555 98266
2731 26472 56168 94706 75961 8244
47770 38359 94309 88035 64826 60086
43410 44601 17433 26973 21348 85769
97051 78234 32675 76908 78977 61115
58689 82684 20975 1996 5855 48566
85792 58185 37166 28549 33808 45566
3920 2285 42630 33786 59475 16230
19058 50564 46113 89998 17376 91195
57799 44706 95616 27742 4213 86437
96533 722 36676 5639 17729 26304
4766 68939 15609 21551 32371 44954
4285 50556 10551 30463 20573 51401
9119 6323 17168 64033 77807 41546
12789 33254 82682 32856 41847 76668
92859 51284 3683 51756 75134 27735
31677 563 31260 61084 90517 73109
69760 21623 49592 28593 5015 45989
56297 78964 77555 55513 40765 74551
10895 95437 35365 98093 70920 8417
4017 94405 81027 12320 94293 60986
2349 79191 328 7996 9685 9805
90398 50576 72412 81902 23635 97555
59267 42663 45790 9655 21258 14055
59905 47994 65035 72989 39683 26988
73241 96099 37744 22235 81898 52628
81817 405 30523 72280 5102 54003
22697 23077 75854 93648 12925 51675
82823 83371 47030 14180 76818 14502
49538 63286 80862 96039 27149 35215
16970 30254 4044 19635 84367 75686
82336 68585 74346 61004 91133 19023
54500 75253 30940 92466 33385 79290
77633 44261 83416 80264 27118 46420
43932 93245 88107 78164 99349 12777
10739 81919 46914 55097 67992 15967
54513 83189 43882 50790 82980 49721
48309 7938 50601 49300 86104 1762
24643 12262 34391 85036 44576 2237
44152 17542 46092 54797 33384 34075
85382 3416 47598 8803 56130 94579
29461 85008 58005 93644 68265 59794
20181 18950 54834 81610 56167 34039
32038 21982 69999 43070 85032 70284
16802 26668 64639 3346 28872 60676
93030 78142 87792 76847 10953 92208
53415 74862 17866 70421 47042 51246
4829 71619 76765 29528 25090 59158
83414 69490 33008 883 9576 92263
7480 54431 16160 81426 66560 43317
93394 55054 86199 86367 42992 3493
48269 35930 40676 95327 80061 49408
1821 90428 29433 50628 16813 82747
26819 52766 69410 40918 37419 51554
6560 81971 57566 30250 21543 24656
15978 56604 1817 84606 34084 3176
47690 69354 58865 59248 60127 74366
39212 56754 13835 4838 49583 48648
50305 4194 95133 51307 10553 42943
5735 58260 64867 77646 91695 65339
37668 72744 31418 64209 45001 59178
33246 58922 87337 2332 72447 54142
90658 38116 79932 6298 994 94421
99091 60296 48663 91719 37242 3435
93898 94616 23843 83738 48477 20320
27576 76260 1750 12622 66084 31939
27759 75830 61102 60760 28838 68316
25449 29418 15945 97498 58336 99406
11289 13487 42815 12210 77407 91514
66856 80783 86163 27722 47417 56983
14214 60851 74413 32146 60845 59458
85820 56809 35063 67032 32630 32679
41705 26367 49485 84548 5357 4469
75812 35466 78774 69763 92839 18912
67289 52952 52076 37021 34622 72620
23570 27047 48730 20330 20276 28876
41984 13686 57197 64901 63375 58622
11329 14497 8686 12482 75415 14855
19252 20399 33541 33771 4108 8223
35129 80816 88471 429 88375 98604
17140 79246 39795 47775 18389 85912
84916 85456 80611 13390 76809 10811
41343 99704 81837 92956 17208 32822
99266 94247 56736 35703 96119 11281
83243 1582 17874 55498 80199 59863
24098 79330 39011 73836 98752 87238
45716 98432 99013 96727 38283 1831
68020 12626 1531 62848 86248 20489
38592 55749 5445 45979 16730 40805
14657 66683 46250 72156 12295 35767
43245 3854 92491 60051 90085 48007
86338 19759 66516 79325 27178 90678
52542 2096 89691 46385 85181 28416
13732 65794 51193 91929 99210 1838
30559 26954 67062 82359 4109 33173
87458 34924 37112 32019 82396 81197
44562 45353 86862 69368 50178 10370
88606 33277 16160 72000 53100 80801
81499 609 2335 74666 14541 66885
78814 50073 55845 28226 89827 38879
92943 15330 39531 24960 31650 40843
14503 76066 626 75938 28018 79440
13040 50139 86382 19374 29257 1139
32843 30257 62651 33265 75493 35026
56476 61170 81386 43878 77832 9887
43468 39824 9590 40263 99821 77990
25460 4479 83435 67836 23241 38576
87907 12142 8568 57165 37157 46242
40775 90512 32320 71558 77889 45240
77962 35760 32061 34282 56546 78259
13478 22068 16770 90694 8670 78012
67743 49227 39520 16353 25594 94172
16610 46797 96973 34000 16511 69733
69111 20492 70759 1543 83638 54629
74906 81953 19430 45483 78748 66319
7148 32435 27247 26576 23678 46938
61156 5572 58137 45066 30694 58109
89268 42696 12816 53775 35552 95304
20373 50678 4657 43514 34792 66469
21251 15590 74375 79662 62030 26734
91106 15441 34341 35203 75855 33331
67447 40897 26709 52603 51987 81858
5836 78468 86195 93608 9325 27553
73146 1468 16407 69979 72684 55231
5534 67891 59154 39250 28543 34752
59311 84978 82072 91447 26756 47927
26046 90666 59045 8621 87456 52055
12164 61483 33561 35131 65130 5860
38556 79401 83094 76025 2048 6343
78896 42352 65526 9128 83087 85903
31334 60194 73295 50997 60945 83485
43755 26471 41792 96800 78058 88519
80334 97213 47619 66519 25533 29186
56626 23221 29373 48412 55263 34142
34291 24635 62353 72637 4114 84074
66670 68082 18065 18210 27561 7212
29375 66910 4096 36793 23266 44080
15782 42263 14811 25413 11849 98139
53429 39537 86183 52903 18383 2523
61930 25384 52042 61814 92197 23012
88757 62632 99282 60120 66003 2592
88749 67842 12401 6192 36807 23811
19761 22871 90631 17610 73692 80136
63328 11201 74040 80151 91268 54543
83627 90191 63163 91079 96427 69531
22730 62722 2991 94023 20380 43965
20693 32557 51204 6695 79579 87063
54094 24150 14526 10925 50780 77594
33107 37670 14751 98389 60105 81803
2193 21182 65032 37869 91330 8883
80247 57454 29448 97748 14583 76470
32900 38827 94209 82970 79921 91144
86596 11829 88491 4771 38324 4008
45742 50267 43509 1530 56154 63837
95698 27600 52666 40543 74122 61947
93385 17760 37587 60072 58504 40560
69683 50358 36266 25766 30551 65158
90865 55767 23161 90789 390 24095
36143 91905 55056 47557 48693 3178
72991 27388 42317 78975 53681 52081
8378 15193 31874 21193 43273 70465
43873 41583 67428 47570 66631 79228
64582 69185 43828 71861 47009 78852
16194 98173 57773 78451 17965 68418
61192 47661 19288 22063 63026 43319
28853 2849 90198 97587 65575 89294
94297 14652 66339 939 56046 66840
63910 53838 38445 38364 48460 90734
88312 73908 88723 51033 75652 76377
36055 38121 79729 80110 70259 22180
57708 69917 13906 76765 43764 94477
90184 40077 42197 94883 59015 79991
5652 45870 39979 36223 12032 97731
46601 73786 28719 46951 5093 44624
91002 67435 83301 27605 73706 26462
39454 49802 33849 49051 40627 58404
13049 89105 2549 45063 43910 9580
4467 53138 41265 76914 33257 44078
84027 28525 32684 8050 78106 25554
15704 64915 6224 54213 10213 52227
84887 8212 95799 33350 47963 28996
89655 48210 89499 77566 24360 33885
47019 12013 34620 30257 47025 80377
38208 20060 77796 47260 82804 31416
90967 62869 11188 95006 83754 98689
31059 4336 15144 15118 81030 64864
80589 96969 88311 57645 16175 29044
55271 56469 27998 56827 6315 196
83478 43515 38825 19805 14186 22329
32278 55290 94126 45808 31604 23059
66227 92193 16041 99748 94796 20593
58304 28145 54103 95881 1298 5981
73903 67597 57514 8016 91636 26898
30125 11551 15826 47133 45979 94271
49595 23067 61241 77625 9791 66713
88026 24284 75567 42141 86495 69976
68847 91764 94735 66120 18632 43965
31366 59566 75768 64731 24879 79596
99650 20947 71836 67954 7616 63666
31237 64221 7426 55806 9423 24841
63243 46490 81405 5517 41096 31689
43678 46813 69483 19278 78471 76892
47195 6738 11759 96906 95308 11645
84850 90879 28852 78917 11303 4203
44941 87667 41408 7311 29226 44781
82983 98508 80261 32935 18185 1834
32237 25787 70484 85863 82465 31548
15871 311 77814 59851 50585 3116
74116 90891 49161 67302 19809 30992
53000 60099 1765 30300 54158 71756
41167 88992 24949 24870 54973 26717
63521 24839 93085 72086 29507 95690
29085 16638 17937 66800 86059 10773
39206 41983 5802 10471 6116 49672
1497 52602 22515 36551 97720 40829
99009 81851 65604 11907 43848 25326
91290 12103 68980 49428 85077 82289
97143 8371 50008 60573 91700 20049
580 86161 5398 84384 93178 33454
98190 30807 96756 86467 53581 33667
29262 93719 61068 57271 59863 70636
94921 13442 6082 66554 45284 44122
2920 24007 99531 14299 59834 64659
38925 52807 41755 62056 98925 82735
10975 38286 74770 72237 68145 98193
24262 88699 53066 33404 17635 67205
482 49505 7783 52076 41673 2972
69359 16464 49522 2933 87917 6796
9084 78502 60982 23496 63715 78500
37980 20922 4072 98235 83803 33317
60886 19107 85555 57261 53418 52488
44593 91670 19853 61895 26077 49474
19968 14425 65363 90446 45942 94543
62488 19841 95688 73099 83734 83181
52939 11634 40942 27185 72088 10639
66055 60436 83959 45389 32408 66403
44435 64141 68889 51694 18594 86878
99653 79972 63249 38829 25503 55828
69667 55898 93453 4957 84512 99862
94185 70069 40978 50343 6827 30437
20663 17920 32400 44666 79034 72182
54423 26418 59067 73288 36769 58973
25676 8177 19676 65361 57510 75455
40514 82011 56087 23575 68462 88983
12788 23677 25163 30479 77904 87977
62610 5439 62278 66233 90255 71926
44959 97207 22419 33525 32179 37941
13384 81937 38808 99378 39765 74547
56350 46350 10164 87322 94947 29214
68285 73900 1525 67825 75091 98323
11822 23221 76643 63619 69586 76259
15185 92110 64443 73493 83299 19087
19022 61732 76144 62818 13401 50416
24411 7717 74453 7580 36195 57973
37971 99050 24885 62485 80547 5189
22906 50730 24666 78322 79347 93520
42881 88399 31435 57512 47982 59170
48964 95361 3586 85873 73641 55130
66574 51823 5745 24471 26512 23159
68421 46274 32117 59223 25897 45174
57216 67305 23493 92695 3957 80311
55813 37648 28533 33610 11250 94154
37737 61587 75787 56108 25435 89357
79678 99422 84339 1809 33511 64992
35868 44135 97658 65441 31836 65987
54621 40158 20885 86118 93375 31731
42545 32338 28550 89162 68435 93995
62654 41967 89066 35821 14351 6696
27141 94767 63553 3974 9241 62571
9011 17534 16392 5963 34777 39087
38414 9438 12816 16350 80205 41994
81798 20139 48413 13007 47926 9456
90835 24481 61390 73343 72647 98333
13032 28954 31105 97031 95629 9825
52159 65912 70245 71916 67281 11991
38080 42343 11950 90071 75503 63963
85228 45806 63780 28504 21135 1065
35706 94998 7582 98658 19672 15014
38270 32329 14136 49709 16335 41020
78158 22314 27548 62327 47715 75068
79091 71136 26323 28605 99206 93783
72114 86681 51912 63674 54493 84798
60157 95398 39093 92502 61360 99258
92774 81380 26532 62831 19321 79391
67656 82579 77406 91983 80996 59435
59411 68853 17985 85724 17508 29192
35677 26170 58457 38200 44365 47646
85732 18985 81455 27788 13032 93338
80205 32036 82037 24347 44227 25561
56940 60975 57566 91365 14217 65079
10324 67602 30402 34108 41526 2728
77228 20071 48980 47094 63636 13155
29973 54787 25074 7780 22456 37705
90778 50284 21775 34740 6787 49144
23294 98224 457 16985 5538 83424
27880 10843 24906 16169 6696 59208
26044 94876 40516 8177 63989 39874
98456 28944 852 52531 19935 76424
9144 88171 68595 81622 23178 48944
26096 75834 38233 62456 22243 61807
95761 1621 50948 22049 20783 62149
65631 49730 87958 31158 20204 3950
92683 10168 5541 36192 18953 43472
96721 44645 46077 38636 59065 40936
54045 21243 43613 32766 36360 44784
61668 22627 76476 25005 57635 17758
17680 33463 7265 10937 36846 31378
33276 76430 19222 40390 49392 61595
70175 89500 35424 35810 90892 28270
22071 78123 98557 43423 54419 50679
94275 82725 87453 92607 16156 9466
14156 6884 38472 82053 81761 53922
34537 20078 70229 83729 58733 83634
55124 69911 72333 57450 63066 4771
56461 85014 19864 72536 58645 7728
58920 61851 66802 91055 56378 26418
9371 71309 88305 53464 42067 51770
71884 11033 57751 7116 22536 19068
5542 8455 30585 56799 49217 2171
49190 49292 58294 76696 58253 13164
99175 85568 92692 87904 68315 16726
58764 82941 54084 55477 70856 20710
65341 16247 13141 80247 52610 56790
76642 23546 31636 47967 93349 30906
36340 12098 90447 3284 86279 150
25519 28111 51024 21370 21253 48708
51460 87610 68289 57091 16649 20673
17605 54752 28875 25565 34103 98708
99445 26414 62041 97031 88603 64736
33891 65297 72519 46197 25377 87747
47258 43465 54908 40688 29586 76784
75739 85330 93395 26353 55820 37544
27092 11075 38403 79308 49852 34634
41964 59326 6281 35480 2147 9827
93915 59928 85509 28730 40025 95196
53479 19810 67145 59986 25000 28226
67306 76802 93085 81905 8886 39582
13039 79428 32252 81371 54314 27970
91329 80330 87265 99165 97913 76260
90982 57058 65722 50233 29371 54180
70965 95107 43313 75333 81745 99043
2041 25824 10793 58544 10846 95245
33029 27684 99202 9371 57169 84004
24768 5769 12596 97058 63068 71914
30092 2049 20298 9776 77612 54833
51892 62870 38801 91321 46676 58065
72747 24705 35665 20536 92529 11318
5036 82683 47727 31966 84055 57735
7034 87975 55723 14767 55210 3060
18032 57373 64314 58553 48800 82174
46504 93880 96 60339 14655 89105
49878 60325 16184 57116 14341 62871
68526 76695 52503 26280 75205 68390
77639 56999 9758 75828 50601 73680
274 78285 58846 6019 34746 84873
34865 94119 70791 33662 92068 24004
3436 11621 47151 94962 37402 94047
51171 69959 15151 299 84398 99631
49774 71901 19327 26720 36271 70078
68076 81483 97671 89496 28456 12506
12078 41348 15729 81396 85707 96100
56353 35594 16485 7504 19461 6298
66343 21035 16987 98856 38221 34848
55776 53318 77179 68329 44820 86082
76140 72553 79402 65647 28684 31460
55176 40489 34510 50068 96620 19979
59744 47293 25601 65070 38744 61457
38837 41362 33108 62569 73438 68403
8328 93120 72968 62459 83701 42710
8568 44304 74529 61969 21455 16037
46140 56527 58167 92159 36117 78036
89500 54493 59268 9992 10767 68833
11751 95397 83915 75067 88464 24346
2193 21834 73116 23458 87408 75108
7113 77978 89164 99065 65126 76955
18018 16730 58286 53281 7713 10612
70437 79324 72957 11172 20485 33350
56188 10459 76635 81391 6767 67526
85818 82352 8585 72101 29681 79368
53604 6533 46575 78623 94445 36671
44740 62007 42899 49909 57058 22979
31612 1901 11018 95104 94436 65686
62628 54627 1741 72365 15196 94577
40877 46942 42844 80184 61775 55806
21897 75246 36464 33222 97432 40364
6305 68712 95458 748 89545 6467
40608 2501 7144 60486 57576 45850
34432 12154 76616 97916 23653 80648
91037 35619 36566 15357 83328 92997
64796 78579 98662 94976 1401 98455
50043 13136 59869 43009 1711 26931
31126 20001 56123 46909 80643 3372
25928 90366 98854 56128 13990 88039
1676 984 49743 39858 44653 31009
25113 8848 7748 57481 10068 4542
93620 10854 14748 92835 97958 37106
74365 34481 6738 31477 91252 5277
16068 65960 8256 95062 9431 68572
53861 73365 51006 57938 20292 18701
99037 21962 8860 45364 53601 76950
37301 51843 57901 31750 53963 76207
61176 53305 18036 35806 60625 36047
99699 47405 21212 46379 23263 24879
88948 40302 7960 7254 55080 10579
17697 48074 85482 27995 65551 42168
50323 27326 78564 60291 66261 16823
88220 8409 88489 25396 83842 12720
77601 93515 97486 35203 53690 25727
24072 49272 520 23257 29077 26878
5707 31632 65742 40565 24769 36496
98446 80007 46262 24238 30486 13392
50720 58030 91146 50567 14751 40709
4862 7055 26204 24488 60046 64191
25485 9607 41978 11725 44823 1357
55170 30844 22326 11925 55205 9262
98039 49368 96157 65846 19563 43248
69302 18755 23941 13356 10466 9304
81013 78881 45800 42822 65120 69741
68029 59246 57210 51080 76679 25797
44494 90078 35841 54950 84929 40109
5548 35351 50393 16485 39844 12193
28024 6622 39641 15780 20425 82718
5495 74381 87321 87015 40340 86798
67913 51506 55481 78494 23650 19713
82477 31326 5319 57169 62002 60168
39805 66444 19388 32233 54422 73062
93477 30159 57168 45151 56802 29061
39657 38811 77030 96894 23647 605
25887 29867 53758 53025 94372 60706
99740 96590 93228 172 73507 67316
82016 57527 64080 17422 74105 72040
24492 44306 4166 61560 5930 71457
61248 75161 93091 90081 88295 64801
51145 36614 25451 70179 66567 52486
8473 35048 18982 45282 13977 69046
66773 1797 28768 9460 45356 84043
62787 49544 75106 84195 2431 44120
11119 36131 61731 31113 44693 7392
75555 97640 58881 1433 99797 15078
69198 88706 79799 41751 38867 50662
64523 34549 8503 72192 97982 76801
20555 56584 78376 3165 29817 6941
59634 52378 16670 72352 27432 42385
44111 32321 15441 5200 82389 64033
19593 38915 34175 8940 76646 87381
92804 87746 24215 35315 48126 84277
54748 92012 87387 90311 20477 74067
74790 83016 8365 64631 98162 97315
73217 99761 71755 24584 15828 85491
24726 704 22613 96294 32449 43879
437 7270 50921 42261 31664 72119
10799 83260 82971 57038 95220 62886
4983 25211 76703 23931 36345 16235
91732 38782 45918 54594 96822 52896
39993 35778 49547 93142 97041 32449
13676 70078 40793 17571 43202 3957
70411 71818 33024 20657 26555 23081
13575 46293 2953 40798 57463 85793
36977 68103 90137 71471 81461 62748
69789 62155 99664 50475 9698 29093
63819 43459 23127 23242 92784 21715
81806 6181 33865 35931 48572 82843
37181 30900 75640 45810 14366 6032
23834 62131 13163 9158 16645 19690
78646 99487 92067 48516 99095 13291
38869 59153 87996 53140 19093 59658
28915 87779 16438 94206 22536 45274
80472 16982 37894 90295 50548 87569
26787 79492 66861 87348 9335 95192
9237 38352 58596 18754 32219 86616
12318 21059 69379 65396 39600 15053
12524 46386 50909 94852 7440 44586
71805 82787 58910 39714 17203 47619
55864 29590 24981 16522 3251 77168
7160 1138 27344 7544 74688 82764
94609 70420 29651 33687 97155 5495
29913 31938 13177 67023 10490 64696
17773 55343 33810 57137 8540 50268
50183 48673 34961 17295 87989 47332
873 25686 51862 53514 77074 79991
49641 43713 3775 10164 52254 77813
34596 21028 68255 94489 12279 86302
50955 70441 75281 87024 51020 94386
1895 43924 54872 85822 98904 89233
85628 59265 79354 84652 25160 27594
31874 88013 58264 16237 16014 19259
39501 21698 34034 15180 48946 39437
46734 71762 23929 20759 36222 36192
35362 13049 34670 92620 20568 85487
4273 47113 87322 98507 24307 75466
58164 35774 56100 60579 80634 14975
62906 52620 15529 2992 89878 92474
87259 52703 76999 94376 71897 18155
12104 84658 51780 83012 93520 45087
40504 86053 85567 21619 92563 96150
57566 32020 74841 19710 53269 30655
24656 45098 22220 1173 2031 10955
59922 23770 60706 90178 54777 11939
43030 71482 46374 40598 39015 3255
56042 42442 78361 3596 78945 71419
15759 65969 72804 67129 75048 25301
13130 28842 48122 10828 91237 22481
74470 95851 24844 29445 9228 75861
37041 19540 79211 89420 15247 59925
89548 10547 42669 28936 53136 83459
65126 62985 81508 34987 909 10027
3715 70658 48602 16401 22793 96544
38189 41095 7431 82784 25979 96152
70108 54197 37081 34237 55003 67936
61588 63350 28247 2488 64227 90387
92893 56565 97126 24661 66903 86659
84861 61154 17725 87966 42094 82757
12987 12911 2722 3564 58855 82852
79906 13115 29339 33716 50369 75456
48304 10670 39135 52422 13923 11096
22900 35106 90895 40877 50635 11493
99166 72823 18475 92291 77026 58186
98918 35522 79482 29328 78464 5326
44961 47422 57331 5237 5777 87839
51562 34374 42771 17412 79297 1331
82331 7671 3374 57916 65388 59130
84270 12742 82704 16267 16135 47336
32312 86462 14755 39361 30351 61622
45641 54345 70750 42423 89350 10573
43065 13902 69940 63491 41148 42573
87213 75408 17856 96010 48408 6073
48651 49163 14930 32035 81270 36872
59234 47843 21963 29622 12347 42506
64899 39798 12204 46832 16529 72744
41100 42435 25157 82508 76799 5588
19516 90005 64043 25629 45076 35889
81677 41069 57321 10368 41395 67383
38805 92524 67196 45571 24895 18770
68968 95604 40252 52899 97340 22232
67228 55292 22379 84116 68609 77456
11147 31127 18250 82209 11386 81671
14757 71842 42558 30207 54784 51107
9503 99611 41103 59285 47998 8575
90854 82010 68546 55613 41084 46724
53256 24274 12342 54116 9568 22028
12122 76190 51975 56002 67490 3445
84094 92780 36752 33029 97413 36840
44495 83079 6783 44036 37791 91371
29502 74837 85720 45363 31269 65994
68108 14516 31140 25407 81335 55646
10288 58364 44274 71551 92275 61751
81570 35272 68355 93535 78523 74476
97650 25816 71304 36963 48234 97513
53670 13788 20456 35183 24675 20890
79086 68932 56246 20589 91568 44930
66271 79185 6613 44476 4481 2687
20667 10964 79605 39283 61943 22880
46919 94831 55216 89451 67671 46009
29889 7837 59102 19114 59711 90646
86144 6652 6360 35845 59824 24934
16915 98760 49705 48396 43635 18009
61675 24733 18999 20247 88846 67584
14196 41061 13639 4599 71145 67375
55776 70012 65354 26938 95568 91519
51451 79635 59364 82073 83719 32217
59592 74258 40956 16809 25320 83857
9422 66303 48175 43173 21931 24900
92810 50665 72815 17628 82914 2393
98531 18193 5327 67908 48398 23564
76136 78010 28756 44957 8743 4746
20609 68779 5359 46062 8089 18267
83232 33797 13712 36178 46822 13912
25774 21221 27128 79652 56621 49815
98523 43659 39697 16116 13 58225
63763 89410 26379 73237 23475 26764
48624 64315 73006 99358 88813 68579
97943 85379 79413 39032 39224 10056
28873 61732 285 57858 23252 98252
11674 57368 58382 49715 15694 19107
4796 76211 2527 1574 78069 64810
62894 18880 44965 78953 22506 92961
68769 42184 74077 62473 80487 95356
37637 74854 67356 62912 81936 86564
67480 57181 13939 82752 87014 50494
71936 86648 3258 77013 69767 14279
35036 94391 55601 40214 99473 35332
46131 7162 31113 86740 66025 47409
50903 61836 29934 70279 59023 44571
98569 80939 41153 47544 32422 5809
72685 37144 30855 32703 30915 83209
1912 8727 32081 1398 44774 71798
45194 70664 87873 32581 61158 90273
45612 7905 68646 96768 80710 51959
96490 95097 3497 94975 15267 4023
92906 43107 35432 14478 96798 75313
46096 73275 4802 83704 72037 99195
88213 54464 85893 50333 905 90784
75044 93888 71078 98284 33172 93755
99569 66406 75437 10758 11896 3069
26636 85112 90273 6263 66855 816
358 73156 19380 86509 13894 31196
24093 31331 58562 27065 5609 34179
25703 47109 95059 6242 18778 85599
58272 81690 61123 16741 12313 50918
61986 63117 14988 10347 85192 25993
87452 96595 31817 42434 89534 61660
37573 76102 92234 42544 73257 29333
35160 22494 82201 53829 60313 37104
98652 91115 65260 47948 55040 78348
37154 41600 31476 75015 73261 84957
12805 19826 35558 94546 1538 45933
94529 65230 54747 76230 80352 40353
94086 1772 83517 71137 12119 61366
97282 41501 80398 15048 68385 26101
89394 84940 23686 5480 14297 47585
10718 90707 75246 67143 18342 83015
41099 12263 74631 54650 98796 99863
2452 36174 39440 46004 38876 32519
8497 46350 82125 41257 56341 24381
85763 30895 98009 79575 80008 85429
85665 93719 37518 42195 66434 77289
9422 99913 31882 2111 59805 45692
84157 44186 53292 75078 77079 37332
21538 99100 56426 18347 20592 95763
13112 38725 7501 47972 35003 55403
30808 77909 28879 41702 37347 78408
93243 23427 77048 5352 42725 43320
12179 27902 19219 6689 13231 58453
42780 31826 87722 57188 58112 34377
87905 3023 9178 52831 51918 99808
4122 57831 10968 76114 59565 49886
2498 69426 95711 92317 75428 68174
64678 68370 8663 13955 53415 73975
94060 70903 4411 58753 5130 20732
28587 80670 54009 96990 76262 87597
53397 75855 20117 25510 2359 54335
14917 30586 29887 93029 88517 7296
66934 4901 7749 84730 34084 62694
58932 29104 69066 8589 27889 69527
25690 87805 10817 28615 67804 11532
86394 29180 85432 24224 70355 3300
62350 22130 50443 91485 7661 70094
54308 75674 77171 94229 55646 14820
35984 97501 83047 92835 60362 47463
2866 65659 34443 49915 73975 68221
69677 59662 41571 75733 56999 58145
66934 91374 7177 68286 60220 59515
73762 23306 60436 66971 77857 99377
60465 4604 57103 22919 37687 7914
47282 49388 27307 65687 4160 50350
26381 78606 75322 16844 26955 72191
57705 28362 38284 22444 25910 5733
21236 68512 95153 12550 71540 57421
64840 31796 59290 6764 2605 81291
2574 85425 28016 69493 46926 49044
902 16270 93330 21071 66655 66570
57718 70914 65254 25333 67497 94873
30968 29492 94573 52774 94649 98840
9953 44113 6585 73961 32443 10609
24740 21391 93153 35602 48808 89846
17227 32908 13690 3631 65212 96681
74770 38538 50267 46399 83213 94473
98177 84850 469 43025 82528 88706
18231 95601 70062 95901 61374 70678
7867 24834 44222 22861 17118 75741
10290 89897 188 43655 59120 68818
15687 38275 17232 96011 83403 78366
69142 94171 80100 47514 53470 42571
51211 78166 12161 50997 68068 59813
49704 79858 47290 96493 91996 9883
91007 37504 12902 52893 70561 47915
43107 15038 63322 20511 7082 25282
22543 88463 67191 12360 71312 18773
34092 281 48259 16408 42551 84601
24288 23391 59965 46563 47208 45894
91138 48292 99163 17258 52830 7596
70313 21602 30762 48350 26399 87902
40691 5484 8394 32674 68572 47108
15 4622 74412 2369 4424 15057
81339 77627 3807 52739 74973 63255
28941 49674 58567 10127 42798 10300
9666 4361 83339 57302 76948 10444
68761 57387 68939 11841 91166 12580
81224 88530 87569 65520 56364 64624
12881 954 24144 80633 71760 17849
84931 80422 63244 1842 96148 97596
16100 84394 46705 36000 22620 56631
49221 94877 44655 32878 66191 78186
38785 27426 33502 52061 51988 52802
72533 54561 5360 89613 9237 54179
77769 58532 65075 14553 82829 20795
61996 55552 88321 92486 52168 87585
2226 99324 6163 87374 74585 31068
98310 58906 99265 83522 70042 10804
99836 17248 37473 8291 70940 6217
27584 52296 55885 141 12735 71695
44636 48391 61350 51519 40530 39054
26069 5460 16531 82253 22337 64522
5241 34342 17369 85892 48947 22670
97235 62173 31312 93270 59601 55780
66678 43046 85103 39017 75930 7538
6120 63145 76447 64372 89567 89793
35604 66264 94639 1978 46135 98663
77783 81377 53768 58444 50880 84074
45331 90160 32215 3315 81649 42553
23358 19341 76642 54865 54223 52114
37804 98247 72661 72722 40872 23794
85592 6913 6464 41987 36627 48016
11673 28050 85720 96643 69225 50627
67955 91627 51940 41624 21896 36914
94472 25299 17244 12404 67830 38440
57059 671 69171 69994 73028 69145
12165 38612 46035 44091 48115 52351
57822 56996 27853 16331 8902 52423
24371 30177 27965 47510 70541 81027
48894 40022 24983 92977 45943 8829
23072 95810 18677 61168 77337 41279
24674 26774 82997 67696 79431 95363
12512 9168 97654 96513 17373 45346
4477 98091 10429 27607 29964 8007
40210 90064 95809 2885 87335 73668
76806 54967 36815 40500 39168 14514
93969 19858 37613 57026 18274 41722
28822 11087 86964 77566 87258 10805
40127 60091 90540 73875 83320 81567
35785 33250 80148 25349 15765 69523
30923 7391 85643 64396 41014 67999
7605 81617 71650 45068 80595 38273
95369 82989 40706 87929 62303 46481
4545 37963 64865 99917 84796 52050
79260 64709 69754 26462 89970 33314
38666 63516 96983 29870 97488 23864
70211 64080 63808 84065 78684 86729
15039 67149 19085 45249 28314 37934
75663 90371 75535 17071 8407 75846
36487 87332 31792 42129 53025 86532
38065 75842 74053 56966 64372 51248
41088 68984 43556 91489 96311 74268
48727 58079 91568 3924 87091 352
86814 35833 74203 39029 53466 53373
42284 2389 17869 94071 29354 60814
0 0 0 0 0 0